0   : 00 09 19 13 1  1     -898 0.945741 0.948963
1   : 00 09 22 13 1  1     -994 0.947340 0.948963
2   : 00 09 23 13 1  1    -1013 0.947518 0.948778
3   : 01 09 24 13 1  1    -1032 0.947755 0.948667
4   : 00 09 21 13 1  1    -1050 0.949887 0.947037
5   : 01 09 17 13 1  1     -779 0.941535 0.946296
6   : 02 09 17 13 1  1     -786 0.945149 0.946296
7   : 03 09 17 13 1  1     -771 0.946985 0.947037
8   : 03 09 18 13 1  1     -868 0.950658 0.948481
9   : 04 09 17 13 1  1     -757 0.948407 0.947778
10  : 03 09 20 13 1  1     -982 0.954330 0.948407
11  : 03 09 19 13 1  1     -968 0.953678 0.946926
12  : 04 09 19 13 1  1     -948 0.953560 0.947481
13  : 04 09 20 13 1  1     -995 0.955041 0.947259
14  : 02 09 22 13 1  1    -1067 0.952968 0.946481
15  : 01 09 22 13 1  1    -1101 0.951961 0.946074
16  : 00 09 20 13 1  1    -1059 0.951013 0.946370
17  : 01 09 20 13 1  1    -1097 0.952494 0.944889
18  : 01 09 21 13 1  1    -1109 0.952375 0.944815
19  : 01 09 23 13 1  1    -1126 0.952138 0.945519
20  : 02 09 23 13 1  1    -1125 0.952198 0.945185
21  : 04 09 23 13 1  1    -1074 0.953442 0.946333
22  : 04 09 22 13 1  1    -1075 0.955100 0.945926
23  : 03 09 22 13 1  1    -1120 0.955219 0.944778
24  : 04 09 21 13 1  1    -1079 0.955219 0.944852
25  : 03 09 21 13 1  1    -1133 0.954922 0.943852
26  : 05 09 23 13 1  1    -1047 0.953442 0.945704
27  : 04 09 24 13 1  1    -1089 0.952316 0.945926
28  : 05 09 24 13 1  1    -1054 0.952198 0.945704
29  : 02 09 21 13 1  1    -1174 0.954212 0.943259
30  : 04 09 18 13 1  1     -941 0.953678 0.944889
31  : 01 09 19 13 1  1    -1084 0.951901 0.943481
32  : 02 09 20 13 1  1    -1182 0.954152 0.942000
33  : 01 09 18 13 1  1    -1067 0.950894 0.941778
34  : 02 09 19 13 1  1    -1153 0.953442 0.940778
35  : 02 09 18 13 1  1    -1080 0.952612 0.941148
36  : 05 09 17 13 1  1     -789 0.949532 0.946148
37  : 05 09 18 13 1  1     -924 0.953560 0.944704
38  : 05 09 19 13 1  1    -1039 0.954034 0.943556
39  : 06 09 19 13 1  1     -915 0.953323 0.945000
40  : 06 09 20 13 1  1     -945 0.953797 0.945741
41  : 07 09 19 13 1  1     -797 0.950717 0.945852
42  : 07 09 20 13 1  1     -848 0.951724 0.945296
43  : 05 09 21 13 1  1    -1097 0.954449 0.943222
44  : 05 09 22 13 1  1    -1132 0.954626 0.942926
45  : 07 09 21 13 1  1     -884 0.951842 0.944593
46  : 06 09 22 13 1  1    -1046 0.953738 0.943259
47  : 07 09 22 13 1  1     -909 0.951368 0.943963
48  : 07 09 23 13 1  1     -967 0.951013 0.942778
49  : 08 09 19 13 1  1     -715 0.947281 0.943630
50  : 06 09 17 13 1  1     -761 0.949177 0.944778
51  : 06 09 24 13 1  1    -1091 0.951961 0.942074
52  : 00 09 18 13 1  1    -1081 0.950065 0.940852
53  : 00 09 17 13 1  1     -970 0.946570 0.939593
54  : 08 09 20 13 1  1     -813 0.950598 0.941259
55  : 06 09 21 13 1  1    -1116 0.953975 0.940704
56  : 07 09 18 13 1  1     -825 0.950480 0.942259
57  : 07 09 17 13 1  1     -736 0.948288 0.941333
58  : 06 09 18 13 1  1     -987 0.953027 0.940037
59  : 05 09 20 13 1  1    -1197 0.954626 0.939704
60  : 03 09 23 13 1  1    -1262 0.954330 0.941556
61  : 06 09 23 13 1  1    -1155 0.953027 0.940222
62  : 03 09 24 13 1  1    -1266 0.953738 0.941037
63  : 02 09 24 13 1  1    -1325 0.953323 0.940222
64  : 08 09 18 13 1  1     -760 0.949177 0.939630
65  : 07 09 24 13 1  1    -1079 0.950065 0.939000
66  : 05 09 16 13 1  1     -815 0.948940 0.939815
67  : 04 09 13 13 1  1     -495 0.936500 0.939519
68  : 04 09 12 13 1  1     -446 0.934901 0.940444
69  : 03 09 12 13 1  1     -489 0.936027 0.938296
70  : 02 09 12 13 1  1     -501 0.932176 0.937519
71  : 05 09 12 13 1  1     -461 0.940647 0.940556
72  : 05 09 11 13 1  1     -370 0.935967 0.942259
73  : 03 09 11 13 1  1     -503 0.940410 0.938037
74  : 02 09 11 13 1  1     -521 0.938337 0.937296
75  : 05 09 10 13 1  1     -387 0.943490 0.941593
76  : 04 09 10 13 1  1     -438 0.943609 0.939630
77  : 06 09 10 13 1  1     -338 0.944023 0.941370
78  : 06 09 11 13 1  1     -425 0.946452 0.938593
79  : 06 09 12 13 1  1     -479 0.944556 0.936556
80  : 07 09 10 13 1  1     -276 0.941772 0.938630
81  : 05 09 09 13 1  1     -348 0.945326 0.938222
82  : 07 09 09 13 1  1     -203 0.939758 0.936333
83  : 06 09 09 13 1  1     -318 0.947400 0.937037
84  : 07 09 08 13 1  1      -97 0.925009 0.931148
85  : 06 09 08 13 1  1     -214 0.942602 0.933667
86  : 08 09 23 13 1  1    -1028 0.949473 0.936111
87  : 14 09 18 13 1  1     -344 0.946689 0.940667
88  : 15 09 18 13 1  1     -308 0.946866 0.938741
89  : 02 09 23 11 1  1     -414 0.941595 0.935444
90  : 04 09 21 11 1  1     -379 0.942128 0.936852
91  : 06 09 21 11 1  1     -365 0.942068 0.935630
92  : 07 09 20 11 1  1     -330 0.941061 0.934370
93  : 06 09 20 11 1  1     -388 0.946096 0.934296
94  : 06 09 18 11 1  1     -318 0.940054 0.934778
95  : 07 09 19 11 1  1     -329 0.941772 0.934000
96  : 07 09 18 11 1  1     -310 0.939284 0.932704
97  : 06 09 19 11 1  1     -376 0.945445 0.933667
98  : 04 09 19 11 1  1     -417 0.947281 0.933926
99  : 03 09 19 11 1  1     -423 0.947103 0.933519
100 : 05 09 18 11 1  1     -343 0.942779 0.933407
101 : 03 09 23 11 1  1     -468 0.946215 0.934407
102 : 03 09 24 11 1  1     -483 0.945267 0.933593
103 : 04 09 24 11 1  1     -461 0.944142 0.933852
104 : 05 09 19 11 1  1     -414 0.947400 0.932741
105 : 02 09 21 11 1  1     -471 0.947400 0.933593
106 : 02 09 20 11 1  1     -464 0.948110 0.933667
107 : 03 09 22 11 1  1     -480 0.947814 0.934037
108 : 02 09 22 11 1  1     -475 0.946748 0.933889
109 : 01 09 20 11 1  1     -471 0.946866 0.932852
110 : 02 09 19 11 1  1     -439 0.946452 0.932778
111 : 04 09 18 11 1  1     -365 0.944142 0.934074
112 : 03 09 18 11 1  1     -378 0.944497 0.933889
113 : 05 09 17 11 1  1     -310 0.939284 0.933407
114 : 04 09 22 11 1  1     -454 0.947281 0.934519
115 : 04 09 17 11 1  1     -372 0.944142 0.932296
116 : 04 09 20 11 1  1     -459 0.949591 0.933481
117 : 04 09 23 11 1  1     -483 0.947933 0.933630
118 : 03 09 20 11 1  1     -460 0.949058 0.933926
119 : 05 09 24 11 1  1     -465 0.945326 0.933481
120 : 03 09 21 11 1  1     -469 0.948466 0.933778
121 : 05 09 22 11 1  1     -471 0.948407 0.933407
122 : 05 09 23 11 1  1     -475 0.947873 0.933407
123 : 01 09 19 11 1  1     -483 0.947755 0.931778
124 : 07 09 17 11 1  1     -272 0.935375 0.931074
125 : 06 09 17 11 1  1     -274 0.935138 0.932815
126 : 01 09 21 11 1  1     -480 0.946511 0.933148
127 : 01 09 23 11 1  1     -501 0.946037 0.932704
128 : 01 09 22 11 1  1     -524 0.948051 0.932593
129 : 01 09 24 11 1  1     -500 0.944912 0.932037
130 : 02 09 24 11 1  1     -499 0.945859 0.932704
131 : 00 09 21 11 1  1     -487 0.945563 0.932370
132 : 00 09 20 11 1  1     -475 0.945978 0.932630
133 : 00 09 22 11 1  1     -546 0.947873 0.931630
134 : 05 09 21 11 1  1     -471 0.948525 0.932889
135 : 05 09 20 11 1  1     -468 0.949591 0.932444
136 : 06 09 23 11 1  1     -447 0.946274 0.932889
137 : 06 09 24 11 1  1     -449 0.944260 0.932519
138 : 02 09 18 11 1  1     -436 0.946985 0.931926
139 : 01 09 18 11 1  1     -433 0.945504 0.931593
140 : 00 09 18 11 1  1     -457 0.945149 0.931111
141 : 03 09 17 11 1  1     -394 0.944734 0.931667
142 : 02 09 17 11 1  1     -413 0.945030 0.930852
143 : 00 09 19 11 1  1     -522 0.948110 0.930593
144 : 00 09 23 11 1  1     -571 0.947577 0.931148
145 : 00 09 24 11 1  1     -568 0.946393 0.931222
146 : 07 09 24 11 1  1     -388 0.941002 0.932259
147 : 06 09 22 11 1  1     -459 0.947103 0.932519
148 : 07 09 21 11 1  1     -402 0.945741 0.932037
149 : 07 09 22 11 1  1     -408 0.944497 0.932000
150 : 07 09 23 11 1  1     -439 0.944793 0.930852
151 : 05 09 11 11 1  1     -214 0.938041 0.930037
152 : 05 09 10 11 1  1     -182 0.936145 0.929074
153 : 04 09 10 11 1  1     -201 0.936560 0.929815
154 : 06 09 10 11 1  1     -150 0.932354 0.928778
155 : 05 09 09 11 1  1     -134 0.927082 0.926593
156 : 06 09 09 11 1  1     -128 0.933183 0.927778
157 : 07 09 09 11 1  1      -78 0.917486 0.924259
158 : 05 09 08 11 1  1     -149 0.937034 0.924148
159 : 15 09 19 11 1  1     -171 0.936856 0.926889
160 : 15 03 21 11 4 -1      911 0.954034 0.935000
161 : 15 02 21 12 4 -1      920 0.952790 0.938111
162 : 15 01 21 13 4 -1     1093 0.952079 0.935259
163 : 14 02 22 12 4 -1     1405 0.954685 0.937519
164 : 14 01 22 13 4 -1     1534 0.953145 0.936778
165 : 14 01 22 11 4 -1     1388 0.954982 0.937222
166 : 14 02 22 10 4 -1     1229 0.954922 0.935222
167 : 15 02 21 10 4 -1      882 0.954271 0.934333
168 : 15 01 21 11 4 -1      948 0.954212 0.937222
169 : 13 01 23 11 4 -1     1624 0.953738 0.936889
170 : 15 00 21 12 4 -1     1113 0.953975 0.935148
171 : 15 01 21 05 0 -1     1020 0.955811 0.931778
172 : 14 01 22 05 0 -1     1382 0.957706 0.934815
173 : 15 00 21 05 0 -1     1090 0.955574 0.931963
174 : 15 01 21 04 0 -1      663 0.953678 0.934148
175 : 14 03 22 04 0 -1      367 0.954626 0.935333
176 : 13 02 23 04 0 -1     1005 0.957114 0.934778
177 : 12 02 24 05 0 -1     1871 0.958003 0.935444
178 : 12 02 24 04 0 -1     1305 0.957114 0.934074
179 : 10 02 24 05 0 -1     2108 0.958536 0.936222
180 : 10 02 24 06 0 -1     2643 0.959543 0.938259
181 : 11 02 23 05 0 -1     1599 0.959365 0.939259
182 : 13 01 23 08 0 -1     2783 0.958654 0.936926
183 : 12 01 24 06 0 -1     2418 0.959957 0.940370
184 : 13 01 23 07 0 -1     2195 0.959424 0.941037
185 : 13 01 23 06 0 -1     1790 0.959898 0.942593
186 : 12 01 24 07 0 -1     2761 0.960550 0.940852
187 : 13 00 23 07 0 -1     2367 0.959069 0.939000
188 : 13 00 23 06 0 -1     2044 0.959187 0.939370
189 : 13 01 23 05 0 -1     1441 0.958654 0.940630
190 : 12 01 24 05 0 -1     1881 0.958773 0.939444
191 : 13 01 23 04 0 -1     1093 0.956403 0.939259
192 : 14 01 22 04 0 -1      885 0.955515 0.936815
193 : 14 00 22 05 0 -1     1299 0.955929 0.937259
194 : 13 00 23 05 0 -1     1693 0.957292 0.937963
195 : 13 02 23 05 0 -1     1115 0.958832 0.942741
196 : 12 02 24 06 0 -1     1852 0.960431 0.944074
197 : 12 03 24 04 0 -1      578 0.956759 0.937444
198 : 14 00 22 06 0 -1     1501 0.957173 0.939630
199 : 13 02 23 07 0 -1     1873 0.960135 0.942407
