---------- 1 ----------
2
04 08 19 14 1  1     -524 8.717935E-002
01 03 13 07 0  1     -607 1.611613E-001
F : 0.187228 , D : 0.988281 , th : 0.000020
---------- 2 ----------
10
04 08 19 14 1  1     -524 8.721158E-002
01 02 13 06 0  1     -967 1.105885E-001
05 08 23 14 1  1     -457 1.633963E-001
03 01 24 06 2  1      818 1.171034E-001
11 05 17 11 0  0       51 1.805157E-001
01 08 24 12 1  1     -297 1.852406E-001
01 04 05 16 0  1     -460 1.417714E-001
12 02 22 12 4  0      274 1.637060E-001
04 00 05 24 3  1      388 1.623781E-001
02 04 12 07 0  1     -149 1.590840E-001
F : 0.391647 , D : 1.000000 , th : 2.999948
---------- 3 ----------
25
04 08 19 14 1  1     -584 8.876551E-002
01 02 13 07 0  1     -865 1.549487E-001
05 08 24 14 1  1     -488 1.667940E-001
00 02 24 05 2  1      603 1.347902E-001
15 08 17 14 1  1      -49 2.007983E-001
00 00 02 21 0  0      -59 1.957871E-001
00 05 04 20 0  1     -909 1.557340E-001
12 06 16 09 0  0      126 2.036717E-001
08 11 18 23 1  0     -211 1.931740E-001
05 00 18 06 1  1     -446 2.209813E-001
12 03 16 14 0  0     1779 2.160187E-001
08 11 13 21 1  0     -424 1.801801E-001
00 08 18 12 1  1     -231 2.254864E-001
02 03 23 07 2  1     1102 1.881655E-001
09 05 11 15 0  1      -28 1.998764E-001
12 08 16 13 0  0      -10 1.935096E-001
16 01 24 15 0  0     -371 1.388843E-001
18 07 24 15 0  1     -934 7.588624E-002
16 12 24 14 0  0      143 1.734238E-001
07 10 09 12 1  1       -6 1.588133E-001
09 09 16 13 1  1     -133 1.431822E-001
00 05 02 23 3  1      564 9.642159E-002
01 05 15 06 0  1     -171 1.094148E-001
01 05 03 19 0  0     -171 8.024280E-002
01 05 03 16 0  1     -215 1.987396E-002
F : 0.253072 , D : 0.998698 , th : 13.999978
---------- 4 ----------
25
04 08 19 14 1  1     -582 9.669666E-002
12 03 24 06 0  0        0 1.401747E-001
02 09 19 13 1  1     -831 1.019397E-001
00 01 24 04 2  1      554 1.388072E-001
05 08 19 14 1  1     -255 1.990569E-001
16 01 24 07 0  1    -1311 1.190557E-001
04 08 24 14 1  1     -190 2.127772E-001
01 04 07 21 0  1     -970 1.592624E-001
01 03 15 07 0  1     -639 1.998833E-001
03 07 22 15 1  1     -344 2.258512E-001
00 00 06 04 0  0      732 1.230847E-001
06 12 20 20 1  0    -1876 1.984758E-001
16 00 19 24 3  1      845 1.578898E-001
00 01 02 16 0  0      -14 1.988107E-001
00 09 18 13 1  1     -360 1.771803E-001
00 00 06 18 0  1    -1711 1.205388E-001
00 01 02 10 0  0        0 1.500259E-001
03 09 19 13 1  1     -194 1.122675E-001
18 00 22 08 0  1     -588 5.311710E-002
04 01 22 02 2  1      563 1.640070E-001
00 01 16 05 0  1     -784 1.357359E-001
06 07 07 15 1  1      -32 1.154677E-001
00 04 04 13 0  0      238 4.917260E-002
05 12 20 20 1  0     -863 1.353035E-001
00 02 01 23 3  1      237 5.376288E-002
F : 0.620020 , D : 0.998698 , th : 7.999820
---------- 5 ----------
50
04 08 19 14 1  1     -526 9.975540E-002
01 03 13 07 0  1     -607 1.630191E-001
05 08 18 14 1  1     -285 1.747027E-001
00 02 24 04 2  1      -10 1.492207E-001
12 06 16 09 0  0       31 2.015177E-001
05 08 11 14 1  1      -85 2.065984E-001
06 00 17 06 1  1     -529 1.736063E-001
18 06 24 15 0  0      -38 1.983592E-001
20 00 22 24 0  1     -602 1.346135E-001
07 04 13 11 0  1      -92 1.983942E-001
14 09 16 13 1  1      -30 2.079963E-001
02 04 06 17 0  1     -225 1.767384E-001
00 04 02 12 0  0       26 1.710611E-001
06 08 19 14 1  1     -292 2.046230E-001
00 05 04 15 0  1     -602 1.190485E-001
08 12 12 20 1  0       35 2.064725E-001
00 01 06 24 0  0     -342 1.793395E-001
01 05 05 10 0  1      -41 1.675345E-001
12 00 22 02 0  0        5 1.692650E-001
00 02 06 10 0  0       18 1.128325E-001
00 01 06 23 0  1     -737 1.144994E-001
13 08 18 14 1  1     -334 1.512607E-001
03 03 11 15 4  1     -102 1.229684E-001
00 04 21 05 2  1       -3 5.951671E-002
08 09 18 11 1  1      -56 4.918118E-002
00 00 02 12 0  0      -19 5.679796E-002
00 00 10 01 0  1     -202 2.746732E-002
16 10 21 14 1  1      -75 4.674335E-002
02 05 08 06 0  1      -30 2.534683E-002
06 09 20 13 1  1     -110 9.661011E-003
01 00 22 06 2  1      -92 1.207175E-003
00 04 02 20 0  0       -2 1.618803E-003
17 08 18 14 1  1      -50 9.008817E-004
16 03 24 05 0  0       35 1.564789E-004
17 05 19 11 1  1      -61 6.686442E-005
10 18 11 24 1  1      -18 2.920369E-004
00 22 12 24 4  1      -33 3.994724E-005
01 09 05 16 0  1      -64 6.443272E-005
13 05 21 11 4  0      -48 9.774652E-004
16 06 22 09 0  1     -291 3.226674E-005
15 16 20 24 1  0    -1453 1.925175E-003
05 09 09 13 1  1     -248 1.651990E-005
03 20 07 22 4  0      -72 1.861439E-005
18 00 22 04 0  0     -277 1.311783E-009
06 09 18 11 4  0      -83 2.992209E-011
03 00 17 02 4  0       41 1.747560E-016
00 17 02 21 4  1     -248 1.832756E-016
10 14 12 18 1  0     -270 1.091449E-015
00 03 04 04 0  0       61 -2.220446E-016
09 13 13 23 1  0      -18 -3.375078E-014
F : 0.000000 , D : 0.000000 , th : -1.#IND00
---------- 6 ----------
0
F : 0.000000 , D : -92559631349317831000000000000000000000000000000000000000000000.000000 , th : 0.000000
---------- 7 ----------
0
F : 0.000000 , D : -92559631349317831000000000000000000000000000000000000000000000.000000 , th : 0.000000
---------- 8 ----------
0
F : 0.000000 , D : -92559631349317831000000000000000000000000000000000000000000000.000000 , th : 0.000000
---------- 9 ----------
0
F : 0.000000 , D : -92559631349317831000000000000000000000000000000000000000000000.000000 , th : 0.000000
---------- 10 ----------
0
F : 0.000000 , D : -92559631349317831000000000000000000000000000000000000000000000.000000 , th : 0.000000
---------- 11 ----------
0
F : 0.000000 , D : -92559631349317831000000000000000000000000000000000000000000000.000000 , th : 0.000000
---------- 12 ----------
0
F : 0.000000 , D : -92559631349317831000000000000000000000000000000000000000000000.000000 , th : 0.000000
---------- 13 ----------
0
F : 0.000000 , D : -92559631349317831000000000000000000000000000000000000000000000.000000 , th : 0.000000
---------- 14 ----------
0
F : 0.000000 , D : -92559631349317831000000000000000000000000000000000000000000000.000000 , th : 0.000000
---------- 15 ----------
0
F : 0.000000 , D : -92559631349317831000000000000000000000000000000000000000000000.000000 , th : 0.000000
---------- 16 ----------
0
F : 0.000000 , D : -92559631349317831000000000000000000000000000000000000000000000.000000 , th : 0.000000
---------- 17 ----------
0
F : 0.000000 , D : -92559631349317831000000000000000000000000000000000000000000000.000000 , th : 0.000000
---------- 18 ----------
0
F : 0.000000 , D : -92559631349317831000000000000000000000000000000000000000000000.000000 , th : 0.000000
---------- 19 ----------
0
F : 0.000000 , D : -92559631349317831000000000000000000000000000000000000000000000.000000 , th : 0.000000
