0
04 08 19 14 1  1     -524 6.364000E-002
1
01 03 13 07 0  1     -413 1.545072E-001
11 07 17 10 0  0       76 2.080335E-001
14 03 24 07 0  0      336 2.291529E-001
09 10 14 18 1  0        0 2.405307E-001
08 06 12 11 0  1      -76 2.961525E-001
01 01 07 22 0  1     -982 3.007165E-001
16 13 19 17 1  0        4 3.134751E-001
00 07 12 11 0  0      392 3.077905E-001
12 15 20 23 4  1      -71 3.142637E-001
04 00 23 06 1  1     -364 3.220609E-001
08 10 09 12 1  1       -1 3.389843E-001
06 02 16 10 1  0      579 3.380558E-001
17 00 21 12 1  1     -356 3.431717E-001
04 02 18 04 4  1       56 3.459889E-001
10 15 15 17 1  1      -35 3.400233E-001
07 00 09 20 4  1       76 3.507550E-001
04 08 19 14 1  0     -524 3.371295E-001
06 12 19 20 1  0       45 3.243995E-001
10 09 12 11 0  1      -12 3.418760E-001
14 13 15 21 1  1      105 3.459668E-001
00 00 04 10 0  0      547 3.128700E-001
16 10 19 12 1  1       -6 3.378948E-001
00 05 06 12 0  1     -202 3.296183E-001
02 18 14 22 4  0       48 3.496650E-001
09 04 13 10 0  1       11 3.531051E-001
03 04 09 10 4  1      -76 3.463561E-001
00 07 06 19 0  0      639 3.376676E-001
15 01 17 17 4  0      -37 3.243660E-001
17 07 23 18 0  0      943 3.482101E-001
13 09 17 11 1  1       -4 3.148113E-001
01 02 09 18 0  1     -810 3.580256E-001
15 10 16 12 1  1       -5 3.543057E-001
04 08 19 14 1  0     -524 3.371295E-001
19 11 21 13 4  1       16 3.214953E-001
16 01 22 09 0  0      250 3.551654E-001
02 10 24 12 4  1       70 3.536434E-001
18 00 24 16 0  1    -1126 3.379007E-001
03 15 08 17 1  1       57 3.270598E-001
06 13 07 19 1  0        4 3.552383E-001
00 14 12 22 0  0     1240 3.297485E-001
07 01 13 12 0  1      -73 3.357176E-001
13 14 17 15 0  1       -7 3.442587E-001
06 22 12 24 1  0       34 3.441004E-001
05 00 09 12 4  1      -10 3.461908E-001
13 08 15 09 0  0        4 3.381328E-001
18 12 24 16 1  0        1 3.542385E-001
04 00 09 06 1  1     -145 3.611348E-001
11 04 15 22 4  0        6 3.524474E-001
00 02 04 12 0  1     -435 3.370384E-001
09 05 11 24 0  1       67 3.387848E-001
03 01 05 22 3  1      555 3.582453E-001
11 06 23 08 4  0       -7 3.650725E-001
05 16 11 20 0  0       43 3.655776E-001
18 01 24 12 0  0      309 3.640802E-001
02 09 13 11 1  1      -65 3.489791E-001
16 00 24 04 0  1     -277 3.494111E-001
05 14 09 16 4  0      -23 3.288955E-001
13 01 19 11 1  0      598 3.517141E-001
06 10 18 18 4  1      370 3.542222E-001
03 21 15 23 0  1     -201 3.547183E-001
07 13 08 15 1  0        1 3.564851E-001
14 00 16 22 4  0      -24 3.608801E-001
04 08 19 14 1  0     -524 3.371295E-001
17 13 19 15 4  0      -10 3.370356E-001
16 22 24 24 0  1     -155 3.546553E-001
10 01 12 07 4  0      -31 3.524844E-001
07 00 18 02 1  1      -54 3.455415E-001
03 09 05 11 0  1       -9 3.598076E-001
07 07 19 15 4  0     -193 3.553273E-001
07 19 21 24 0  0      657 3.534398E-001
10 08 18 22 4  0       -8 3.457444E-001
13 00 23 16 4  0      290 3.539252E-001
08 15 10 19 1  0       29 3.608241E-001
04 07 24 15 4  1      211 3.690158E-001
16 00 19 12 1  1     -591 3.540957E-001
13 06 15 10 0  0        8 3.545123E-001
15 13 21 15 1  0      -16 3.633393E-001
18 04 22 17 0  0      600 3.620566E-001
05 00 07 16 4  1       18 3.496166E-001
05 15 21 17 4  1       31 3.729677E-001
16 00 24 17 0  1    -1579 3.511047E-001
05 06 07 14 4  0      -67 3.472391E-001
18 03 24 06 0  0      100 3.572932E-001
01 20 09 21 0  1      -48 3.699235E-001
08 12 09 20 1  0      -32 3.508357E-001
00 14 06 20 0  0      391 3.402723E-001
12 09 22 11 1  1      -20 3.480506E-001
06 02 08 05 0  1       -3 3.637158E-001
01 07 05 10 0  1      -72 3.596448E-001
07 02 13 11 0  1      -39 3.589526E-001
01 08 05 09 0  0        7 3.553253E-001
17 03 19 09 4  0        7 3.630559E-001
01 02 07 15 0  1     -628 3.530431E-001
2
