162336
00 00 01 02 1  1   -233 
00 00 01 03 3  1    -61 
00 00 01 04 1  1   -350 
00 00 01 06 1 -1    518 
00 00 01 06 3  1   -438 
00 00 01 08 1  1   -744 
00 00 01 09 3  1   -735 
00 00 01 10 1  1  -1081 
00 00 01 12 1  1  -1298 
00 00 01 12 3  1   -920 
00 00 01 14 1  1  -1297 
00 00 01 15 3 -1    892 
00 00 01 16 1  1  -1345 
00 00 01 18 1  1  -1070 
00 00 01 18 3  1  -1624 
00 00 01 20 1  1  -1815 
00 00 01 21 3  1  -1986 
00 00 01 22 1  1  -2080 
00 00 01 24 1  1  -2348 
00 00 01 24 3  1  -1779 
00 00 02 01 0  1   -209 
00 00 02 02 0  1   -394 
00 00 02 02 1  1   -405 
00 00 02 02 4  1   -245 
00 00 02 03 0  1   -589 
00 00 02 03 3  1   -196 
00 00 02 04 0 -1    297 
00 00 02 04 1  1   -657 
00 00 02 04 4  1   -454 
00 00 02 05 0 -1    300 
00 00 02 06 0 -1    289 
00 00 02 06 1  1  -1286 
00 00 02 06 3  1   -600 
00 00 02 06 4  1   -609 
00 00 02 07 0 -1    328 
00 00 02 08 0 -1    512 
00 00 02 08 1  1  -1386 
00 00 02 08 4 -1    682 
00 00 02 09 0 -1    594 
00 00 02 09 3 -1   1224 
00 00 02 10 0 -1    500 
00 00 02 10 1  1  -2148 
00 00 02 10 4 -1    776 
00 00 02 11 0 -1    509 
00 00 02 12 0 -1    453 
00 00 02 12 1  1  -2536 
00 00 02 12 3  1  -1416 
00 00 02 12 4  1   -884 
00 00 02 13 0 -1    473 
00 00 02 14 0 -1    550 
00 00 02 14 1  1  -2639 
00 00 02 14 4  1   -982 
00 00 02 15 0 -1    568 
00 00 02 15 3  1  -2383 
00 00 02 16 0 -1    618 
00 00 02 16 1  1  -2736 
00 00 02 16 4 -1    568 
00 00 02 17 0 -1    682 
00 00 02 18 0 -1    788 
00 00 02 18 1  1  -3326 
00 00 02 18 3 -1   2004 
00 00 02 18 4 -1    546 
00 00 02 19 0 -1    785 
00 00 02 20 0 -1    639 
00 00 02 20 1  1  -3656 
00 00 02 20 4 -1    737 
00 00 02 21 0 -1    755 
00 00 02 21 3  1  -3625 
00 00 02 22 0 -1    794 
00 00 02 22 1  1  -4063 
00 00 02 22 4 -1    816 
00 00 02 23 0 -1    812 
00 00 02 24 0 -1    849 
00 00 02 24 1  1  -4297 
00 00 02 24 3  1  -2547 
00 00 02 24 4 -1    805 
00 00 03 01 2  1   -420 
00 00 03 02 1  1   -436 
00 00 03 02 2  1      0 
00 00 03 03 2  1      0 
00 00 03 03 3  1   -330 
00 00 03 04 1  1   -939 
00 00 03 04 2  1      0 
00 00 03 05 2  1      0 
00 00 03 06 1  1  -1935 
00 00 03 06 2  1     -1 
00 00 03 06 3  1   -937 
00 00 03 07 2  1      0 
00 00 03 08 1  1  -2097 
00 00 03 08 2  1      1 
00 00 03 09 2  1      2 
00 00 03 09 3  1  -1484 
00 00 03 10 1  1  -3195 
00 00 03 10 2  1      3 
00 00 03 11 2  1      4 
00 00 03 12 1  1  -3792 
00 00 03 12 2  1      5 
00 00 03 12 3  1  -2010 
00 00 03 13 2  1      6 
00 00 03 14 1  1  -4007 
00 00 03 14 2  1      7 
00 00 03 15 2  1      8 
00 00 03 15 3  1  -3447 
00 00 03 16 1  1  -4242 
00 00 03 16 2  1      9 
00 00 03 17 2  1     10 
00 00 03 18 1  1  -5096 
00 00 03 18 2  1     11 
00 00 03 18 3  1  -4956 
00 00 03 19 2  1     12 
00 00 03 20 1  1  -5605 
00 00 03 20 2  1     13 
00 00 03 21 2  1     14 
00 00 03 21 3  1  -4690 
00 00 03 22 1  1  -6246 
00 00 03 22 2  1     14 
00 00 03 23 2  1     20 
00 00 03 24 1  1  -6564 
00 00 03 24 2  1     43 
00 00 03 24 3  1  -3241 
00 00 04 01 0 -1    244 
00 00 04 02 0 -1    418 
00 00 04 02 1  1   -574 
00 00 04 02 4  1   -504 
00 00 04 03 0 -1    605 
00 00 04 03 3  1   -441 
00 00 04 04 0 -1    846 
00 00 04 04 1  1  -1304 
00 00 04 04 4 -1    733 
00 00 04 05 0 -1    982 
00 00 04 06 0 -1   1247 
00 00 04 06 1  1  -2576 
00 00 04 06 3  1  -1180 
00 00 04 06 4 -1    939 
00 00 04 07 0 -1   1288 
00 00 04 08 0 -1   1845 
00 00 04 08 1  1  -2783 
00 00 04 08 4 -1    645 
00 00 04 09 0 -1   1909 
00 00 04 09 3  1  -1398 
00 00 04 10 0 -1   1963 
00 00 04 10 1  1  -4216 
00 00 04 10 4 -1    967 
00 00 04 11 0 -1   2157 
00 00 04 12 0 -1   2262 
00 00 04 12 1  1  -5036 
00 00 04 12 3  1  -2564 
00 00 04 12 4 -1    801 
00 00 04 13 0 -1   2235 
00 00 04 14 0 -1   2292 
00 00 04 14 1  1  -5424 
00 00 04 14 4 -1    941 
00 00 04 15 0 -1   2396 
00 00 04 15 3  1  -4972 
00 00 04 16 0 -1   2437 
00 00 04 16 1  1  -5825 
00 00 04 16 4 -1   1156 
00 00 04 17 0 -1   2531 
00 00 04 18 0 -1   2075 
00 00 04 18 1  1  -6829 
00 00 04 18 3  1  -6116 
00 00 04 18 4 -1   1306 
00 00 04 19 0 -1   2213 
00 00 04 20 0 -1   2356 
00 00 04 20 1  1  -7807 
00 00 04 20 4 -1   1817 
00 00 04 21 0 -1   2498 
00 00 04 21 3  1  -5256 
00 00 04 22 0 -1   2594 
00 00 04 22 1  1  -8586 
00 00 04 22 4 -1   2121 
00 00 04 23 0 -1   2627 
00 00 04 24 0 -1   2901 
00 00 04 24 1  1  -8988 
00 00 04 24 3  1  -4369 
00 00 04 24 4 -1   2022 
00 00 05 02 1  1   -750 
00 00 05 03 3  1   -546 
00 00 05 04 1  1  -1684 
00 00 05 06 1  1  -3193 
00 00 05 06 3  1  -1402 
00 00 05 08 1  1  -3471 
00 00 05 09 3  1  -1452 
00 00 05 10 1  1  -5196 
00 00 05 12 1  1  -6261 
00 00 05 12 3  1  -3204 
00 00 05 14 1  1  -6908 
00 00 05 15 3  1  -6362 
00 00 05 16 1  1  -7439 
00 00 05 18 1  1  -8523 
00 00 05 18 3  1  -7105 
00 00 05 20 1  1 -10007 
00 00 05 21 3  1  -5462 
00 00 05 22 1  1 -11015 
00 00 05 24 1  1 -11470 
00 00 05 24 3  1  -4035 
00 00 06 01 0 -1    389 
00 00 06 01 2  1   -457 
00 00 06 02 0 -1    772 
00 00 06 02 1  1   -788 
00 00 06 02 2  1   -802 
00 00 06 02 4  1   -753 
00 00 06 03 0 -1   1091 
00 00 06 03 2  1  -1283 
00 00 06 03 3  1   -615 
00 00 06 04 0  1  -2041 
00 00 06 04 1  1  -2085 
00 00 06 04 2  1  -1751 
00 00 06 04 4 -1    875 
00 00 06 05 0  1  -2662 
00 00 06 05 2  1  -2246 
00 00 06 06 0  1  -3116 
00 00 06 06 1  1  -3754 
00 00 06 06 2  1  -2645 
00 00 06 06 3  1  -1544 
00 00 06 06 4 -1    634 
00 00 06 07 0  1  -3374 
00 00 06 07 2 -1    891 
00 00 06 08 0  1  -3885 
00 00 06 08 1  1  -4156 
00 00 06 08 2 -1    926 
00 00 06 08 4 -1    797 
00 00 06 09 0  1  -1543 
00 00 06 09 2 -1    946 
00 00 06 09 3  1  -1930 
00 00 06 10 0  1  -1586 
00 00 06 10 1  1  -6139 
00 00 06 10 2 -1    841 
00 00 06 10 4 -1    942 
00 00 06 11 0  1  -1826 
00 00 06 11 2 -1   1292 
00 00 06 12 0  1  -2864 
00 00 06 12 1  1  -7440 
00 00 06 12 2 -1   1111 
00 00 06 12 3  1  -3773 
00 00 06 12 4 -1   1185 
00 00 06 13 0  1  -2000 
00 00 06 13 2 -1   1052 
00 00 06 14 0  1  -2123 
00 00 06 14 1  1  -2503 
00 00 06 14 2 -1   1428 
00 00 06 14 4 -1   1301 
00 00 06 15 0  1  -1708 
00 00 06 15 2 -1   1513 
00 00 06 15 3  1  -7501 
00 00 06 16 0  1  -1999 
00 00 06 16 1  1  -2843 
00 00 06 16 2 -1   1392 
00 00 06 16 4 -1   1938 
00 00 06 17 0  1  -2128 
00 00 06 17 2 -1   1351 
00 00 06 18 0  1  -2716 
00 00 06 18 1  1 -10133 
00 00 06 18 2 -1   1490 
00 00 06 18 3  1  -7431 
00 00 06 18 4 -1   2752 
00 00 06 19 0  1  -2802 
00 00 06 19 2 -1   1401 
00 00 06 20 0  1  -2968 
00 00 06 20 1  1 -12145 
00 00 06 20 2 -1   1415 
00 00 06 20 4 -1   2509 
00 00 06 21 0  1  -3232 
00 00 06 21 2 -1   1480 
00 00 06 21 3  1  -5803 
00 00 06 22 0  1  -3847 
00 00 06 22 1  1 -13499 
00 00 06 22 2 -1   1486 
00 00 06 22 4 -1   4065 
00 00 06 23 0  1  -3656 
00 00 06 23 2 -1   1486 
00 00 06 24 0  1  -4400 
00 00 06 24 1  1 -14084 
00 00 06 24 2 -1   1678 
00 00 06 24 3  1  -3727 
00 00 06 24 4  1  -4628 
00 00 07 02 1  1   -891 
00 00 07 03 3  1   -755 
00 00 07 04 1  1  -2498 
00 00 07 06 1  1  -4257 
00 00 07 06 3  1  -1888 
00 00 07 08 1  1  -4708 
00 00 07 09 3  1  -2191 
00 00 07 10 1  1  -7072 
00 00 07 12 1  1  -4151 
00 00 07 12 3  1  -4279 
00 00 07 14 1  1  -2900 
00 00 07 15 3  1  -8540 
00 00 07 16 1  1  -3103 
00 00 07 18 1  1 -11693 
00 00 07 18 3  1  -8303 
00 00 07 20 1  1 -14250 
00 00 07 21 3  1  -6639 
00 00 07 22 1  1 -15989 
00 00 07 24 1  1 -16706 
00 00 07 24 3  1  -6206 
00 00 08 01 0 -1    742 
00 00 08 02 0  1  -1734 
00 00 08 02 1  1  -1052 
00 00 08 02 4  1   -575 
00 00 08 03 0  1  -2475 
00 00 08 03 3  1   -981 
00 00 08 04 0  1  -3139 
00 00 08 04 1  1  -2904 
00 00 08 04 4 -1    596 
00 00 08 05 0  1  -3643 
00 00 08 06 0  1  -1587 
00 00 08 06 1  1  -4768 
00 00 08 06 3  1  -2023 
00 00 08 06 4 -1    811 
00 00 08 07 0  1  -1921 
00 00 08 08 0  1  -1764 
00 00 08 08 1  1  -5283 
00 00 08 08 4 -1    992 
00 00 08 09 0  1  -2499 
00 00 08 09 3  1  -2659 
00 00 08 10 0  1  -2619 
00 00 08 10 1  1  -7982 
00 00 08 10 4 -1   1660 
00 00 08 11 0  1  -2649 
00 00 08 12 0  1  -3066 
00 00 08 12 1  1  -4084 
00 00 08 12 3  1  -4894 
00 00 08 12 4 -1   2205 
00 00 08 13 0  1  -2488 
00 00 08 14 0  1  -2480 
00 00 08 14 1  1  -4198 
00 00 08 14 4 -1   3604 
00 00 08 15 0  1  -3175 
00 00 08 15 3  1  -9364 
00 00 08 16 0  1  -3664 
00 00 08 16 1  1  -4868 
00 00 08 16 4 -1   4865 
00 00 08 17 0  1  -3644 
00 00 08 18 0  1  -3793 
00 00 08 18 1  1 -13563 
00 00 08 18 3  1  -9083 
00 00 08 18 4 -1   5044 
00 00 08 19 0  1  -3792 
00 00 08 20 0  1  -4170 
00 00 08 20 1  1 -16327 
00 00 08 20 4 -1   4446 
00 00 08 21 0  1  -4460 
00 00 08 21 3  1  -7380 
00 00 08 22 0  1  -4962 
00 00 08 22 1  1 -18277 
00 00 08 22 4 -1   4989 
00 00 08 23 0  1  -5085 
00 00 08 24 0  1  -5115 
00 00 08 24 1  1 -19184 
00 00 08 24 3  1  -5247 
00 00 08 24 4 -1   8141 
00 00 09 01 2 -1    745 
00 00 09 02 1  1  -1205 
00 00 09 02 2 -1   1576 
00 00 09 03 2 -1   2288 
00 00 09 03 3  1  -1194 
00 00 09 04 1  1  -3307 
00 00 09 04 2 -1   1731 
00 00 09 05 2 -1   2447 
00 00 09 06 1  1  -5334 
00 00 09 06 2 -1   2451 
00 00 09 06 3  1  -2183 
00 00 09 07 2 -1   2822 
00 00 09 08 1  1  -5853 
00 00 09 08 2  1  -3358 
00 00 09 09 2 -1   3806 
00 00 09 09 3  1  -3069 
00 00 09 10 1  1  -8878 
00 00 09 10 2 -1   4195 
00 00 09 11 2  1  -4310 
00 00 09 12 1  1  -4792 
00 00 09 12 2  1  -4579 
00 00 09 12 3  1  -5472 
00 00 09 13 2  1  -4861 
00 00 09 14 1  1  -4535 
00 00 09 14 2 -1   5026 
00 00 09 15 2 -1   5203 
00 00 09 15 3  1 -10048 
00 00 09 16 1  1  -5396 
00 00 09 16 2  1  -5881 
00 00 09 17 2  1  -6411 
00 00 09 18 1  1 -15397 
00 00 09 18 2  1  -6928 
00 00 09 18 3  1  -9134 
00 00 09 19 2  1  -7115 
00 00 09 20 1  1 -18379 
00 00 09 20 2  1  -6984 
00 00 09 21 2  1  -7139 
00 00 09 21 3  1  -8385 
00 00 09 22 1  1 -20325 
00 00 09 22 2  1  -7451 
00 00 09 23 2  1  -7919 
00 00 09 24 1  1 -21575 
00 00 09 24 2  1  -8527 
00 00 09 24 3  1 -12570 
00 00 10 01 0  1  -1048 
00 00 10 02 0  1  -2060 
00 00 10 02 1  1  -1358 
00 00 10 02 4  1   -785 
00 00 10 03 0  1  -3219 
00 00 10 03 3  1  -1392 
00 00 10 04 0  1  -4362 
00 00 10 04 1  1  -3719 
00 00 10 04 4 -1    784 
00 00 10 05 0  1  -1997 
00 00 10 06 0  1  -2154 
00 00 10 06 1  1  -5753 
00 00 10 06 3  1  -2289 
00 00 10 06 4 -1   1104 
00 00 10 07 0  1  -2429 
00 00 10 08 0  1  -2630 
00 00 10 08 1  1  -6389 
00 00 10 08 4 -1   1245 
00 00 10 09 0  1  -2939 
00 00 10 09 3  1  -3327 
00 00 10 10 0  1  -2896 
00 00 10 10 1  1  -9762 
00 00 10 10 4 -1   5026 
00 00 10 11 0  1  -2915 
00 00 10 12 0  1  -3145 
00 00 10 12 1  1  -5571 
00 00 10 12 3  1  -5765 
00 00 10 12 4 -1   5074 
00 00 10 13 0  1  -3378 
00 00 10 14 0  1  -3676 
00 00 10 14 1  1  -4240 
00 00 10 14 4 -1   4365 
00 00 10 15 0  1  -4067 
00 00 10 15 3  1 -10698 
00 00 10 16 0  1  -4382 
00 00 10 16 1  1  -5880 
00 00 10 16 4  1 -10877 
00 00 10 17 0  1  -4688 
00 00 10 18 0  1  -5326 
00 00 10 18 1  1 -17203 
00 00 10 18 3  1  -9614 
00 00 10 18 4 -1   7672 
00 00 10 19 0  1  -5533 
00 00 10 20 0  1  -5480 
00 00 10 20 1  1 -20373 
00 00 10 20 4 -1   9480 
00 00 10 21 0  1  -5714 
00 00 10 21 3  1  -9271 
00 00 10 22 0  1  -5860 
00 00 10 22 1  1 -22131 
00 00 10 22 4  1 -12023 
00 00 10 23 0  1  -6294 
00 00 10 24 0  1  -6224 
00 00 10 24 1  1 -23785 
00 00 10 24 3  1 -13795 
00 00 10 24 4  1 -11756 
00 00 11 02 1  1  -1506 
00 00 11 03 3  1  -1596 
00 00 11 04 1  1  -4135 
00 00 11 06 1  1  -6235 
00 00 11 06 3  1  -2334 
00 00 11 08 1  1  -6730 
00 00 11 09 3  1  -3526 
00 00 11 10 1  1 -10633 
00 00 11 12 1  1  -5855 
00 00 11 12 3  1  -6127 
00 00 11 14 1  1  -5698 
00 00 11 15 3  1 -11198 
00 00 11 16 1  1  -6477 
00 00 11 18 1  1 -18944 
00 00 11 18 3  1 -10641 
00 00 11 20 1  1 -22292 
00 00 11 21 3  1 -10077 
00 00 11 22 1  1 -24090 
00 00 11 24 1  1 -25680 
00 00 11 24 3  1 -14923 
00 00 12 01 0  1  -1358 
00 00 12 01 2 -1    613 
00 00 12 02 0  1  -2700 
00 00 12 02 1  1  -1658 
00 00 12 02 2 -1   1111 
00 00 12 02 4  1  -1158 
00 00 12 03 0  1  -3846 
00 00 12 03 2 -1   1564 
00 00 12 03 3  1  -1781 
00 00 12 04 0  1  -4814 
00 00 12 04 1  1  -4551 
00 00 12 04 2  1  -3156 
00 00 12 04 4 -1    967 
00 00 12 05 0  1  -2294 
00 00 12 05 2  1  -3967 
00 00 12 06 0  1  -2855 
00 00 12 06 1  1  -1366 
00 00 12 06 2  1  -4775 
00 00 12 06 3  1  -2515 
00 00 12 06 4 -1   1334 
00 00 12 07 0  1  -3179 
00 00 12 07 2  1  -5576 
00 00 12 08 0  1  -3386 
00 00 12 08 1  1  -7267 
00 00 12 08 2  1  -6362 
00 00 12 08 4  1  -4612 
00 00 12 09 0  1  -3714 
00 00 12 09 2  1  -7141 
00 00 12 09 3  1  -3708 
00 00 12 10 0  1  -3646 
00 00 12 10 1  1 -11497 
00 00 12 10 2  1  -7935 
00 00 12 10 4 -1   5095 
00 00 12 11 0  1  -4113 
00 00 12 11 2  1  -8714 
00 00 12 12 0  1  -4245 
00 00 12 12 1  1  -6483 
00 00 12 12 2  1  -9483 
00 00 12 12 3  1  -6298 
00 00 12 12 4  1  -8593 
00 00 12 13 0  1  -5178 
00 00 12 13 2  1 -10029 
00 00 12 14 0  1  -4449 
00 00 12 14 1  1  -7157 
00 00 12 14 2  1 -10625 
00 00 12 14 4  1 -12167 
00 00 12 15 0  1  -4958 
00 00 12 15 2  1 -11206 
00 00 12 15 3  1 -11648 
00 00 12 16 0  1  -4571 
00 00 12 16 1  1  -6107 
00 00 12 16 2  1 -11712 
00 00 12 16 4  1 -12931 
00 00 12 17 0  1  -5258 
00 00 12 17 2  1 -12094 
00 00 12 18 0  1  -5930 
00 00 12 18 1  1 -20660 
00 00 12 18 2  1 -12274 
00 00 12 18 3  1 -11440 
00 00 12 18 4  1 -14485 
00 00 12 19 0  1  -6394 
00 00 12 19 2  1 -12561 
00 00 12 20 0  1  -6533 
00 00 12 20 1  1 -24224 
00 00 12 20 2  1 -12479 
00 00 12 20 4  1 -15444 
00 00 12 21 0  1  -6879 
00 00 12 21 2  1 -12472 
00 00 12 21 3  1 -11037 
00 00 12 22 0  1  -6885 
00 00 12 22 1  1 -26134 
00 00 12 22 2  1 -12931 
00 00 12 22 4  1 -15412 
00 00 12 23 0  1  -6858 
00 00 12 23 2  1 -13640 
00 00 12 24 0  1  -7086 
00 00 12 24 1  1 -27480 
00 00 12 24 2  1 -14309 
00 00 12 24 3  1 -16142 
00 00 12 24 4  1 -14228 
00 00 13 02 1  1  -1804 
00 00 13 03 3  1  -1933 
00 00 13 04 1  1   -877 
00 00 13 06 1  1  -1392 
00 00 13 06 3  1  -2792 
00 00 13 08 1  1  -1954 
00 00 13 09 3  1  -3866 
00 00 13 10 1  1  -5256 
00 00 13 12 1  1  -6943 
00 00 13 12 3  1  -6853 
