38
---------- 1 ----------
2
05 09 19 13 1  1 -6.389529E+000 6.222222E-002
17 00 23 14 0  0 1.731356E+001 7.235951E-002
F : 0.296630 , D : 0.983073 , th : 2.550997
---------- 2 ----------
10
01 04 07 16 0  1 -1.671341E+001 8.008772E-002
08 06 12 13 0  1 -2.639213E+000 1.051302E-001
17 06 23 07 0  0 2.737859E+000 1.371154E-001
00 06 06 11 0  1 -8.208782E+000 1.080279E-001
06 12 14 16 1  0 3.460429E+000 9.630270E-002
02 01 07 19 1  1 -5.588351E+000 1.199783E-001
12 03 16 16 0  0 3.973547E+000 1.087863E-001
02 05 06 16 0  1 -1.008777E+001 9.348936E-002
12 10 16 18 4  0 2.305980E-001 1.155251E-001
17 01 19 11 4  0 4.162411E-001 1.169955E-001
F : 0.671274 , D : 0.998698 , th : 3.860653
---------- 3 ----------
25
01 00 22 04 2  1 3.387288E+001 9.854430E-002
18 04 24 16 0  0 1.560705E+001 8.403051E-002
04 09 22 13 1  1 -1.415890E+001 8.211007E-002
02 02 06 09 0  1 -4.836979E+000 8.829695E-002
19 00 23 21 0  0 1.484038E+001 1.313851E-001
00 00 14 06 1  1 -1.596498E+001 1.332459E-001
04 11 15 21 1  0 9.303463E+000 1.001906E-001
15 08 21 14 1  1 -5.837518E+000 1.526191E-001
13 04 23 06 0  0 1.119259E+001 1.043641E-001
02 06 12 08 4  1 -8.935110E-001 1.229921E-001
13 18 19 24 4  1 -2.752190E+000 1.267910E-001
08 22 24 24 4  0 2.575209E+000 1.325307E-001
01 01 22 02 2  1 9.115860E+000 1.138387E-001
09 10 13 12 0  1 -6.816595E-001 1.132039E-001
19 07 23 08 0  0 2.034901E+000 1.251009E-001
05 09 15 13 1  1 -2.704855E+000 1.300898E-001
00 03 02 13 0  0 1.386802E+000 1.356429E-001
08 11 12 17 1  0 2.800394E+000 1.252688E-001
01 03 05 10 0  1 -5.072495E+000 1.039785E-001
12 21 22 22 0  0 4.013280E+000 1.396680E-001
01 00 15 02 1  1 -7.182294E-001 1.198517E-001
12 06 16 10 1  0 1.092341E+000 9.551428E-002
02 01 05 03 2  1 2.847636E+000 1.572480E-001
13 12 18 16 1  0 1.336792E+000 1.291431E-001
16 05 20 11 4  0 1.563575E+000 1.471771E-001
F : 0.433010 , D : 0.998698 , th : 9.996960
---------- 4 ----------
25
17 02 23 20 0  0 2.919654E+001 9.417910E-002
01 01 07 17 0  1 -2.570691E+001 1.112968E-001
06 08 24 14 1  1 -1.405223E+001 1.000453E-001
13 01 23 07 0  0 1.854668E+001 1.145949E-001
01 07 05 08 0  1 -9.293511E-001 1.475939E-001
18 05 24 18 0  0 2.165008E+001 1.309486E-001
14 04 22 10 4  0 9.032829E+000 1.178180E-001
09 10 19 16 4  0 5.927964E-001 1.450218E-001
19 04 21 05 0  0 1.145487E-001 1.432439E-001
19 03 24 24 3  1 2.433874E+001 1.276323E-001
16 00 22 08 1  1 -5.669202E+000 1.094209E-001
12 02 16 15 0  0 3.737304E+000 1.236959E-001
05 07 17 15 1  1 -1.523682E+001 1.371317E-001
14 01 24 04 0  0 1.943638E+001 1.271180E-001
13 13 20 15 1  0 1.159751E-001 1.525140E-001
01 01 22 02 2  1 8.600521E+000 1.398938E-001
05 08 09 10 1  0 1.390200E+000 1.249823E-001
12 06 13 22 1  0 1.414742E+000 1.485374E-001
01 07 07 23 0  1 -3.467947E+001 1.235260E-001
04 03 06 11 4  1 -5.579079E-001 1.319570E-001
14 10 17 14 1  1 -2.703707E+000 1.144841E-001
18 01 22 13 1  1 -2.050662E+001 1.094331E-001
17 00 23 15 0  0 8.331354E+000 1.125540E-001
01 06 05 12 0  1 -6.609841E+000 1.088028E-001
16 02 22 12 4  0 7.106910E+000 1.394632E-001
F : 0.556710 , D : 0.998698 , th : 7.497179
---------- 5 ----------
50
01 00 22 04 2  1 3.387288E+001 1.126744E-001
18 06 24 15 0  0 1.160751E+001 9.722698E-002
03 10 22 12 1  1 -3.363581E+000 8.747491E-002
05 00 21 06 1  1 -2.033951E+001 8.712017E-002
11 07 17 13 0  0 3.166089E+000 9.301841E-002
15 02 23 05 0  0 9.348611E+000 1.150298E-001
01 07 05 09 0  1 -2.388712E+000 1.161128E-001
12 10 14 11 0  0 2.095270E-001 1.304000E-001
18 01 22 20 0  0 1.270108E+001 1.392264E-001
13 04 23 10 4  0 1.001764E+001 1.314879E-001
10 08 12 20 3  1 2.228270E+001 1.038748E-001
01 03 07 12 0  1 -2.014131E+001 1.114344E-001
08 21 24 23 0  0 1.086897E+001 9.619020E-002
07 08 18 14 1  1 -6.953751E+000 1.077567E-001
17 07 23 08 0  0 2.853776E+000 1.154224E-001
00 02 24 06 1  1 -3.623145E+000 9.446937E-002
07 06 20 08 1  0 2.795713E+000 1.194309E-001
01 01 22 03 2  1 1.459708E+001 7.426350E-002
04 10 21 22 1  0 1.909624E+001 6.753505E-002
15 08 19 24 4  1 -2.604420E+000 1.308000E-001
10 09 12 10 0  1 -2.508101E-001 1.174012E-001
01 02 10 08 2  1 3.650654E+001 1.211454E-001
02 13 05 17 1  0 6.512456E-001 1.253266E-001
19 03 23 18 0  0 1.219360E+001 1.016638E-001
04 00 22 02 1  1 -3.143859E+000 8.558342E-002
14 08 23 14 1  1 -7.369349E+000 8.287056E-002
01 05 05 14 0  1 -7.734164E+000 1.077995E-001
14 03 24 06 0  0 1.104710E+001 8.815969E-002
06 16 10 24 4  0 2.796429E+000 8.401189E-002
07 07 16 09 2  1 1.616676E+001 9.758034E-002
08 22 17 24 1  0 3.821820E+000 1.017598E-001
16 05 20 11 4  0 1.321767E+000 1.208860E-001
01 07 05 08 0  1 -9.907346E-001 1.000749E-001
12 09 16 14 0  0 1.977783E+000 1.314719E-001
18 06 24 09 0  0 2.526066E+000 1.118086E-001
01 00 22 03 2  1 2.343600E+001 8.958840E-002
05 20 07 22 1  0 2.233311E-001 1.124265E-001
02 01 21 03 1  1 -1.896500E+000 7.194755E-002
02 14 07 16 1  0 4.977017E-001 8.768756E-002
19 11 23 12 0  0 6.057518E-001 8.925610E-002
02 03 06 20 0  1 -1.513893E+001 9.961205E-002
03 01 22 05 1  1 -2.168313E+000 1.224058E-001
00 09 10 13 1  1 -5.653700E+000 1.238155E-001
15 04 23 06 0  0 1.136326E+001 9.338628E-002
13 09 16 15 3  1 1.690345E+001 9.537623E-002
04 03 10 11 4  1 -3.456610E+000 1.136055E-001
06 18 10 22 4  0 7.294473E-001 1.110709E-001
03 00 06 10 1  1 -1.191748E+001 1.103338E-001
09 11 14 17 1  0 3.078887E+000 1.172822E-001
09 21 23 24 0  0 1.667799E+001 1.247537E-001
F : 0.455283 , D : 0.998698 , th : 21.905594
---------- 6 ----------
50
05 09 22 13 1  1 -1.159641E+001 1.220339E-001
16 03 24 19 0  0 3.032083E+001 9.487076E-002
13 04 23 10 4  0 1.057916E+001 1.259133E-001
01 02 07 15 0  1 -1.501281E+001 9.558434E-002
09 11 13 17 1  0 2.235637E+000 1.386644E-001
07 09 14 11 1  1 -1.974189E+000 1.381384E-001
13 19 19 23 4  1 -2.848150E+000 1.522995E-001
01 02 22 03 2  1 8.609006E+000 1.356024E-001
04 11 20 21 1  0 1.940868E+001 1.517868E-001
09 22 13 24 1  0 1.137726E+000 1.330385E-001
04 03 06 04 0  1 -1.012525E-001 1.581018E-001
18 04 24 18 0  0 1.756506E+001 1.487460E-001
00 06 06 16 1  1 -1.128219E+001 1.361312E-001
13 05 23 06 0  0 3.838674E+000 1.367966E-001
11 08 17 14 1  1 -5.377661E+000 1.123036E-001
02 18 16 22 4  0 3.746200E+000 1.172212E-001
10 08 12 09 0  1 -2.296838E-001 1.369268E-001
02 03 04 21 0  1 -3.627200E+000 1.426226E-001
10 06 20 10 1  0 1.577621E+000 1.187507E-001
20 05 23 08 3  1 3.140935E+000 1.323616E-001
17 12 18 15 3  0 2.631789E+000 1.671982E-001
15 00 17 01 0  0 8.130057E-002 1.440292E-001
11 00 17 12 4  1 -1.981021E+000 1.449535E-001
00 01 12 09 0  1 -4.088635E+001 1.440038E-001
00 08 20 14 1  1 -1.308266E+001 1.383373E-001
17 07 23 08 0  0 3.185302E+000 1.174129E-001
12 21 24 22 0  0 6.437836E+000 1.421150E-001
11 12 17 20 1  0 5.836513E+000 1.296118E-001
08 19 12 23 4  0 7.816934E-001 1.224095E-001
04 01 21 03 1  1 -2.142152E+000 1.318674E-001
01 05 03 15 1  1 -8.225451E+000 1.400019E-001
04 08 14 14 1  1 -5.092303E+000 1.219914E-001
18 07 24 24 0  0 2.567138E+001 1.294817E-001
00 20 16 23 0  1 -1.199770E+001 1.254127E-001
11 06 18 10 1  0 1.808631E+000 1.223263E-001
03 05 11 09 4  1 -2.754434E+000 1.307323E-001
14 09 23 13 1  1 -3.661231E+000 1.320251E-001
17 05 23 06 0  0 4.014711E+000 1.194393E-001
09 08 14 20 1  0 9.995646E-001 1.193182E-001
00 02 24 05 2  1 2.867258E+001 1.053519E-001
12 16 14 20 0  1 -7.314920E-001 9.670302E-002
02 08 14 14 1  1 -7.272747E+000 1.187118E-001
11 08 15 10 0  0 1.397498E+000 1.399720E-001
00 00 06 12 4  0 1.237795E+001 1.284484E-001
04 04 06 05 0  1 -7.130052E-002 1.263829E-001
18 04 24 16 0  0 1.509924E+001 1.227084E-001
05 18 11 22 4  0 1.055711E+000 1.020596E-001
06 07 09 13 1  1 -5.328943E+000 1.002968E-001
02 03 04 21 0  1 -3.627200E+000 1.311263E-001
15 19 17 23 4  1 -3.858450E-001 1.189711E-001
F : 0.298915 , D : 0.998698 , th : 23.875699
---------- 7 ----------
50
18 02 22 21 0  0 1.602130E+001 8.500000E-002
11 06 18 12 3  0 3.469676E+001 6.140628E-002
15 02 19 12 4  0 1.297990E+000 6.708053E-002
12 16 24 24 0  0 1.042164E+001 5.936555E-002
11 06 14 24 3  0 3.632030E+001 6.233797E-002
04 02 08 10 4  1 -2.340464E+000 5.972835E-002
19 08 23 09 0  0 1.057148E+000 9.024661E-002
06 01 08 15 4  1 0.000000E+000 6.343933E-002
03 08 15 11 2  0 3.437652E+001 5.186593E-002
00 06 20 07 0  1 -2.261729E+000 3.572299E-002
14 15 24 23 0  0 1.080916E+001 5.990061E-002
10 00 22 02 1  1 -4.306882E-001 5.277284E-002
09 09 13 19 1  0 3.202542E+000 6.032014E-002
09 16 15 22 2  0 2.465353E+001 5.491859E-002
00 00 10 06 4  0 4.645803E+000 6.497629E-002
09 05 13 10 0  1 -1.643932E+000 5.324389E-002
02 05 10 11 4  1 -3.230162E+000 4.640192E-002
15 02 19 10 4  0 1.478233E+000 4.052635E-002
00 06 06 09 0  1 -8.919296E+000 7.050953E-002
18 08 24 11 0  0 3.679273E+000 6.769019E-002
06 02 07 16 1  1 1.169033E+000 3.806750E-002
01 05 21 09 0  1 2.696762E-001 4.749092E-002
02 12 04 13 0  1 -9.636947E-002 5.054991E-002
16 07 24 08 0  0 2.352810E+000 4.564922E-002
11 21 14 22 2  0 1.854333E+000 5.100457E-002
17 13 21 15 0  0 3.756849E-001 2.414400E-002
04 01 05 11 1  1 -4.278642E+000 2.196367E-002
05 03 09 15 4  1 -2.431906E-001 4.420609E-002
16 00 18 14 4  0 8.972581E-001 6.938937E-002
06 07 14 19 4  1 -4.458895E+000 3.070548E-002
13 06 23 07 0  0 2.190947E+000 3.311348E-002
06 12 10 14 0  0 0.000000E+000 2.761258E-002
14 06 17 07 2  0 2.771531E+000 3.364123E-002
16 17 22 23 0  0 5.545793E-001 2.094554E-002
17 05 23 12 0  0 6.867831E+000 2.834894E-002
21 10 23 12 0  0 3.736192E-001 5.065637E-002
05 08 23 14 4  1 7.917652E+000 4.958398E-002
03 09 12 10 2  0 6.560386E+000 3.881312E-002
15 19 17 23 4  1 -3.088980E-001 3.597906E-002
08 07 12 10 0  1 -1.622254E+000 4.456480E-002
16 00 18 14 4  0 8.972581E-001 5.745602E-002
02 05 03 11 1  1 -4.510961E-001 4.392472E-002
00 09 16 13 1  1 -4.250486E+000 3.104751E-002
16 07 24 08 0  0 2.352810E+000 5.284807E-002
01 06 21 09 0  1 -1.875452E+000 2.230498E-002
06 07 08 11 0  0 3.864842E-001 2.746931E-002
18 12 20 14 0  0 7.957027E-002 3.736849E-002
14 02 22 09 0  0 1.638142E+001 1.888783E-002
11 09 20 11 2  0 1.463488E+001 1.477195E-002
14 15 24 23 0  0 1.080916E+001 2.096971E-002
F : 0.718104 , D : 0.998698 , th : 44.181069
---------- 8 ----------
44
05 09 21 13 1  1 -6.979707E+000 9.420188E-002
01 05 05 13 0  1 -6.339752E+000 7.492161E-002
15 02 21 12 4  0 8.432327E+000 1.168211E-001
19 05 23 17 0  0 9.831382E+000 1.025700E-001
16 00 22 08 1  1 -7.607553E+000 8.844510E-002
15 08 18 14 1  1 -3.723796E+000 1.143136E-001
10 08 12 24 4  1 -1.577258E+000 1.032890E-001
01 05 07 17 0  1 -2.246244E+001 9.256290E-002
05 12 16 18 1  0 9.635248E+000 1.098242E-001
03 00 24 03 2  1 2.572494E+001 1.172112E-001
01 02 03 14 4  1 -1.766774E+000 1.357126E-001
09 09 13 11 0  1 -6.245518E-001 1.316523E-001
02 18 16 22 4  0 3.899083E+000 1.301715E-001
10 02 24 07 0  0 1.784604E+001 1.184801E-001
04 09 20 15 1  1 -6.389564E+000 8.074547E-002
18 06 22 11 0  0 7.960373E+000 1.125687E-001
01 06 05 13 0  1 -7.731649E+000 1.237918E-001
15 08 17 14 1  1 -2.300830E+000 9.611229E-002
08 15 10 19 0  0 4.070133E-001 1.118581E-001
19 06 23 16 0  0 7.582363E+000 1.452078E-001
12 08 16 14 0  0 3.105636E+000 1.081908E-001
04 00 20 06 1  1 -2.187838E+001 9.018784E-002
04 09 17 15 1  1 -7.065781E+000 1.284970E-001
12 02 24 06 0  0 1.593031E+001 1.001907E-001
21 01 23 22 3  1 1.846818E+001 1.010883E-001
01 04 05 11 0  1 -6.214399E+000 1.189721E-001
04 09 17 13 1  1 -9.670648E+000 1.075673E-001
00 18 06 24 4  1 -1.135065E+000 9.336477E-002
11 05 23 06 0  0 5.342284E+000 1.085196E-001
20 02 21 16 1  1 -5.085083E+000 1.393910E-001
12 06 16 15 0  0 2.036960E+000 1.135747E-001
20 04 22 13 0  0 2.331195E+000 1.129175E-001
01 18 17 22 4  0 5.818163E+000 1.143637E-001
00 09 21 15 1  1 -6.128146E+000 1.335174E-001
16 01 20 13 4  0 3.914115E+000 1.195230E-001
01 06 05 12 0  1 -6.609841E+000 9.649515E-002
06 08 11 12 1  1 -3.651772E+000 1.158754E-001
18 04 24 23 0  0 3.079410E+001 1.181846E-001
03 01 14 03 1  1 -2.295086E-001 9.625678E-002
05 03 09 15 4  1 -2.431906E-001 1.150795E-001
14 21 18 23 0  0 1.638927E+000 1.011362E-001
02 00 06 08 0  1 -2.975509E+000 1.142490E-001
04 09 17 13 1  1 -9.670648E+000 9.244453E-002
21 12 23 18 4  1 -9.636947E-002 1.192134E-001
F : 0.365962 , D : 0.998698 , th : 20.621826
---------- 9 ----------
37
17 00 23 17 0  0 2.427648E+001 8.548387E-002
01 00 22 04 2  1 3.387288E+001 1.238639E-001
09 00 18 04 1  1 -4.867305E+000 1.439488E-001
11 10 12 20 1  0 1.533417E+000 1.291766E-001
18 03 24 21 0  0 2.764238E+001 9.727966E-002
02 02 06 09 0  1 -5.602775E+000 9.451107E-002
12 10 17 12 1  1 -5.393525E-001 1.220957E-001
18 03 22 06 0  0 3.560038E+000 1.058526E-001
06 05 14 17 4  1 -1.918239E+000 1.069648E-001
01 13 09 22 0  1 -1.353674E+001 1.202564E-001
18 07 24 14 0  0 7.169338E+000 1.178257E-001
14 14 23 20 3  0 5.184293E+001 1.151144E-001
16 03 24 09 0  0 8.618758E+000 1.411277E-001
13 06 15 11 0  0 4.525913E-001 1.097733E-001
09 09 12 11 1  1 -4.132254E-001 1.072880E-001
15 19 17 23 4  1 -4.654400E-001 1.337496E-001
19 06 24 12 1  1 -4.387877E+000 1.455633E-001
14 03 24 19 0  0 3.670969E+001 1.041581E-001
13 02 23 04 0  0 8.401493E+000 1.469945E-001
04 00 22 04 1  1 -3.221365E+000 1.264367E-001
02 17 08 23 4  1 -4.363642E+000 1.253717E-001
14 18 24 21 0  0 7.745925E+000 1.082589E-001
05 13 11 15 0  0 0.000000E+000 1.235579E-001
17 05 23 07 0  0 3.925996E+000 1.286240E-001
02 02 04 05 3  1 3.267841E+000 9.763700E-002
12 13 13 17 1  0 4.966545E-001 1.211962E-001
10 05 24 11 4  0 5.572355E+000 1.202168E-001
00 14 11 16 1  0 4.294557E-001 1.136659E-001
04 00 05 12 1  1 -6.234634E+000 9.996465E-002
08 13 20 15 1  0 1.301081E+000 1.117456E-001
14 09 20 15 1  1 -4.791760E+000 1.030061E-001
01 04 05 14 0  1 -1.211474E+001 9.750281E-002
16 03 24 08 0  0 1.006031E+001 1.231026E-001
05 00 08 22 1  1 -1.351363E+001 9.932712E-002
18 04 24 21 0  0 3.082350E+001 1.099641E-001
03 01 05 08 0  1 -8.191405E-001 8.263455E-002
09 11 11 17 1  0 1.389477E+000 1.116803E-001
F : 0.387893 , D : 0.998698 , th : 18.130983
---------- 10 ----------
19
12 05 24 07 0  0 1.121975E+001 1.297482E-001
13 08 21 14 1  1 -6.379304E+000 1.093041E-001
18 00 21 12 1  1 -1.582846E+001 1.059668E-001
01 04 11 10 4  1 -5.451716E+000 8.918057E-002
08 11 14 17 1  0 2.820326E+000 1.034524E-001
01 05 05 12 0  1 -8.854849E+000 1.036012E-001
17 07 23 08 0  0 2.766388E+000 1.202401E-001
13 17 21 23 4  1 -6.770192E+000 1.070742E-001
01 09 11 13 1  1 -3.304920E+000 1.046439E-001
09 09 13 12 0  1 -1.739932E+000 1.340607E-001
01 02 09 21 0  1 -4.557764E+001 1.104382E-001
06 14 24 22 1  0 1.516040E+001 1.271302E-001
19 02 21 08 0  0 4.612474E-001 1.239332E-001
00 00 06 14 1  1 -2.136749E+001 1.151215E-001
13 04 23 06 0  0 1.099407E+001 1.234067E-001
20 04 22 13 0  0 2.199317E+000 9.125091E-002
12 02 14 15 0  0 1.157535E+000 8.736656E-002
04 11 11 19 1  0 6.226592E+000 1.094340E-001
04 00 20 06 1  1 -2.549714E+001 1.079769E-001
F : 0.380468 , D : 0.998698 , th : 8.268635
---------- 11 ----------
73
16 02 24 19 0  0 2.748716E+001 1.021141E-001
02 04 06 08 0  1 -3.904625E+000 1.274641E-001
05 08 17 14 1  1 -1.376780E+001 1.064810E-001
10 09 12 10 0  1 -1.829323E-001 1.123212E-001
09 00 18 04 1  1 -4.707721E+000 1.066599E-001
18 14 20 22 0  0 7.523067E-001 1.144290E-001
12 04 16 14 0  0 1.756644E+000 1.144857E-001
15 00 19 10 4  0 1.499111E+000 1.015230E-001
00 05 06 22 0  1 -3.831364E+001 1.057236E-001
11 06 15 12 3  0 2.239164E+001 9.880437E-002
06 08 16 14 1  1 -1.127888E+001 1.097129E-001
16 00 24 23 0  0 7.291337E+001 1.176463E-001
14 03 22 11 4  0 7.263639E+000 1.121204E-001
07 04 13 10 4  0 3.734771E-001 7.330768E-002
01 07 05 12 0  1 -5.208256E+000 7.228309E-002
16 06 17 15 3  0 8.918388E+000 9.254756E-002
13 21 23 22 0  0 3.386422E+000 1.061386E-001
13 05 21 09 4  0 8.710636E-001 7.727899E-002
10 22 12 24 1  0 3.970098E-001 1.050620E-001
04 04 06 06 0  1 -1.459521E-001 1.098896E-001
06 00 11 06 1  1 -2.922793E+000 1.173045E-001
06 17 08 24 0  1 -2.004022E-001 1.104460E-001
20 02 22 21 0  0 3.528031E+000 1.204874E-001
11 08 15 14 4  0 1.038733E-001 1.067750E-001
01 16 07 21 0  1 -8.369472E+000 1.084177E-001
18 01 20 05 0  0 1.778411E-001 1.214995E-001
09 09 13 12 0  1 -1.601789E+000 9.997787E-002
01 05 05 11 0  1 -7.947060E+000 9.005587E-002
07 07 09 15 1  1 -3.692656E+000 8.476422E-002
07 10 17 22 3  0 9.358507E+001 1.182086E-001
02 00 20 01 2  1 5.092597E+000 9.720374E-002
16 06 17 10 1  0 8.895311E-001 1.021508E-001
12 06 23 14 1  1 -1.169380E+001 1.180443E-001
18 14 24 22 0  0 1.051977E+001 9.680880E-002
12 05 22 06 0  0 3.179060E+000 9.277182E-002
05 06 14 21 2  0 1.079480E+002 9.852925E-002
15 07 19 15 0  1 -1.998551E+000 1.095215E-001
02 00 23 01 2  1 7.438772E+000 1.209629E-001
07 09 15 12 0  1 -5.024800E-001 1.070821E-001
00 04 02 10 0  0 1.114204E+000 1.120179E-001
17 13 21 18 0  0 7.904049E-001 9.680400E-002
04 04 06 08 4  1 -4.454430E-001 9.631960E-002
14 08 21 14 1  1 -5.631814E+000 7.631769E-002
08 16 24 23 0  0 2.844310E+001 7.598111E-002
02 01 21 03 1  1 -1.416251E+000 1.134472E-001
02 14 06 22 0  1 -2.270966E+000 1.110131E-001
15 00 19 12 4  0 1.810959E+000 8.220657E-002
06 12 15 21 2  0 7.283527E+001 7.573979E-002
07 07 13 12 0  1 -3.860714E+000 4.855760E-002
15 02 23 06 0  0 1.723461E+001 4.898990E-002
02 14 06 20 0  1 -2.938897E+000 7.816039E-002
04 12 05 18 1  0 -3.143040E-001 1.005406E-001
08 22 16 24 1  0 2.850248E+000 1.084043E-001
10 07 12 23 4  1 -1.492945E+000 1.150603E-001
12 08 19 14 1  1 -5.945864E+000 1.175947E-001
01 06 05 11 0  1 -5.616921E+000 1.046799E-001
15 03 23 04 0  0 3.282844E+000 9.079856E-002
06 09 14 13 0  1 -9.848444E-001 9.134361E-002
16 13 22 23 0  0 8.852135E+000 1.294424E-001
16 08 20 13 0  1 -1.715002E-001 1.021061E-001
10 01 14 03 1  1 -4.441726E-001 1.143130E-001
05 12 16 18 3  0 5.270329E+001 1.262850E-001
21 00 24 06 3  1 4.184930E+000 1.078479E-001
07 13 23 19 1  0 9.181446E+000 1.282286E-001
08 17 10 19 0  0 2.646732E-001 9.889072E-002
12 08 13 10 1  1 -1.380028E-002 1.079000E-001
16 09 19 15 1  1 -3.001359E+000 1.320484E-001
18 04 22 22 0  0 9.708793E+000 9.539121E-002
14 04 22 10 4  0 8.932714E+000 1.139650E-001
01 05 05 20 0  1 -9.054422E+000 1.190344E-001
07 07 09 15 1  1 -3.692656E+000 1.183124E-001
06 06 19 12 3  0 7.268610E+001 8.799501E-002
06 07 08 16 0  0 8.934497E-001 5.694087E-002
F : 0.392804 , D : 0.998698 , th : 46.517156
---------- 12 ----------
91
04 11 21 23 1  0 1.959741E+001 9.142857E-002
13 05 23 07 0  0 8.498432E+000 7.195851E-002
02 02 08 08 0  1 -4.034103E+000 9.061773E-002
20 00 23 24 3  1 3.410391E+001 8.235031E-002
04 20 08 22 1  0 1.009293E-001 8.284510E-002
16 05 24 06 0  0 2.629897E+000 5.923801E-002
01 03 05 13 0  1 -8.126522E+000 8.392197E-002
07 11 11 19 1  0 8.892601E-001 6.113200E-002
11 14 14 16 1  0 1.195871E+000 5.791734E-002
01 05 15 11 4  1 -5.790107E+000 6.529558E-002
11 09 16 13 1  1 -1.870342E+000 8.864118E-002
05 04 07 06 0  1 -1.091271E-001 9.283978E-002
17 15 24 19 1  0 1.005051E+000 7.568307E-002
07 12 23 16 4  0 2.151958E+000 6.807128E-002
02 00 23 07 2  1 5.459289E+001 9.349368E-002
15 05 23 11 4  0 5.209942E+000 8.700941E-002
02 04 04 22 0  1 -3.535373E+000 6.189187E-002
17 05 23 08 0  0 4.205778E+000 7.408448E-002
18 11 24 23 0  0 1.450558E+001 7.913271E-002
00 07 24 13 1  1 -1.192176E+001 5.885062E-002
06 18 09 24 1  0 4.626914E+000 6.312257E-002
06 12 08 20 1  0 1.336293E+000 6.778112E-002
18 02 20 12 4  0 4.854407E-001 8.996222E-002
21 00 22 24 3  1 1.112014E+001 7.034494E-002
02 01 10 07 0  1 -7.038461E+000 6.672636E-002
12 08 14 18 4  0 5.713696E-001 9.790699E-002
07 22 17 24 1  0 3.260170E+000 8.486346E-002
00 05 03 15 1  1 -7.568659E+000 7.153369E-002
18 02 22 24 0  0 5.617988E+000 9.018295E-002
04 10 12 12 1  1 -1.433620E+000 7.821027E-002
08 15 24 19 1  0 2.073078E+000 9.386545E-002
02 02 10 14 4  1 -8.639872E+000 8.281686E-002
04 12 16 16 1  0 3.457658E+000 9.098320E-002
00 00 06 12 4  0 1.193754E+001 6.282853E-002
09 09 23 13 1  1 -7.008077E+000 3.344386E-002
02 04 04 22 0  1 -3.535373E+000 4.805177E-002
14 05 15 11 1  0 4.112379E-001 3.654503E-002
05 13 24 21 1  0 2.014078E+001 4.860111E-002
11 02 23 03 2  1 1.041973E+001 4.123742E-002
01 05 17 08 0  1 -1.420519E+001 3.578974E-002
09 05 16 09 1  0 9.303850E-001 4.151241E-002
18 10 24 24 0  0 1.819987E+001 8.182710E-002
05 11 07 23 1  0 2.269852E+000 6.366722E-002
15 07 23 11 4  0 1.250377E+000 4.996671E-002
00 09 08 13 1  1 -3.310618E+000 7.399077E-002
02 07 04 22 0  1 -1.835988E+000 6.690159E-002
19 11 23 14 0  0 2.514554E-001 8.151534E-002
09 15 12 23 2  1 2.248794E+001 3.990751E-002
01 04 05 13 0  1 -9.629028E+000 3.909828E-002
00 05 16 09 4  1 -5.679064E+000 5.249005E-002
08 15 24 19 1  0 2.132603E+000 6.114047E-002
11 06 15 10 0  0 1.931801E+000 6.856250E-002
18 05 22 07 0  0 2.367726E+000 6.746101E-002
05 00 24 06 1  1 -2.108528E+001 6.451621E-002
03 14 06 16 1  0 0.000000E+000 7.149256E-002
09 16 10 19 3  1 3.082113E+000 7.146645E-002
06 04 18 10 1  0 1.205919E+001 7.639655E-002
06 00 19 08 1  1 -2.436477E+001 7.409198E-002
04 11 21 23 1  0 1.959741E+001 6.773650E-002
17 10 19 16 4  1 1.861760E-002 7.927207E-002
00 05 06 08 0  1 -3.859224E+000 7.924697E-002
03 06 15 08 4  1 -1.886596E+000 6.972896E-002
19 11 23 14 0  0 2.514554E-001 7.389300E-002
05 08 14 22 1  0 1.783705E+000 7.153353E-002
01 03 05 12 0  1 -7.158802E+000 7.672945E-002
11 05 17 07 1  0 1.529404E-001 8.712200E-002
00 12 15 18 1  0 1.035472E+001 8.806179E-002
03 00 07 20 1  1 -1.114937E+001 1.050810E-001
13 05 15 11 1  0 7.742040E-001 9.085133E-002
00 00 10 15 0  1 -1.821180E+001 7.779866E-002
21 00 22 24 3  1 1.112014E+001 8.504112E-002
15 07 23 11 4  0 2.579118E+000 7.751638E-002
09 12 15 18 1  0 1.149876E+000 7.116001E-002
06 18 07 24 1  0 7.036430E-001 6.187233E-002
00 09 08 13 1  1 -4.313072E+000 6.024397E-002
13 10 15 14 1  1 4.591403E-001 7.008437E-002
00 01 24 03 2  1 1.435627E+001 7.415010E-002
01 05 15 11 4  1 -6.599156E+000 7.433214E-002
23 06 24 21 3  1 8.883452E+000 7.275221E-002
02 02 20 04 1  1 -2.963999E+000 8.741819E-002
12 14 14 16 1  0 8.852940E-001 9.948316E-002
02 00 04 10 0  1 -1.735721E+000 1.000365E-001
05 07 13 23 1  0 -2.046854E+000 6.588484E-002
13 05 23 11 4  0 4.802265E+000 6.129771E-002
11 09 12 13 1  1 -2.992622E-002 7.044528E-002
02 04 04 22 0  1 -3.535373E+000 5.508118E-002
04 02 05 18 1  1 -1.911328E+000 4.864450E-002
18 02 22 08 0  0 4.982633E+000 5.897137E-002
08 16 11 22 2  1 1.767580E+001 4.050131E-002
05 22 09 24 0  1 -9.225473E-001 5.643043E-002
05 08 08 10 1  0 5.157218E-001 6.586672E-002
F : 0.391662 , D : 0.998698 , th : 65.728644
---------- 13 ----------
21
18 00 22 20 0  0 1.066812E+001 7.069767E-002
08 08 12 11 0  1 -9.130126E-001 7.330722E-002
02 02 08 18 0  1 -2.328994E+001 1.077755E-001
07 08 16 14 1  1 -5.867227E+000 1.136563E-001
16 03 24 07 0  0 1.048756E+001 9.888731E-002
22 00 24 16 4  1 -1.943799E+000 9.735004E-002
04 04 10 10 4  1 -1.229877E+000 9.824629E-002
18 03 21 09 1  1 -4.445349E+000 9.576462E-002
08 11 11 17 1  0 1.144234E+000 1.168463E-001
20 09 22 12 0  0 4.186432E-001 1.079271E-001
10 08 12 11 0  1 -4.511247E-001 7.309341E-002
01 01 06 15 1  1 -1.775149E+001 8.599333E-002
07 02 23 03 0  0 4.917621E+000 9.665457E-002
00 04 06 21 0  1 -2.448551E+001 1.241977E-001
08 22 17 24 1  0 9.500322E-001 9.483414E-002
10 09 16 11 0  0 5.791561E-001 1.036671E-001
19 04 21 22 0  0 8.671010E-001 1.285418E-001
16 02 18 08 4  0 0.000000E+000 1.038977E-001
10 09 12 14 0  1 -6.848010E-001 9.656122E-002
20 03 24 11 4  1 -4.440943E+000 1.167541E-001
00 08 22 14 1  1 -1.203490E+001 1.021771E-001
F : 0.389035 , D : 0.998698 , th : 12.778470
---------- 14 ----------
296
03 00 21 02 2  1 1.868255E+001 7.892157E-002
16 03 24 08 0  0 1.033402E+001 5.353912E-002
01 02 07 21 0  1 -2.302584E+001 6.179410E-002
15 09 19 13 1  1 -3.063905E+000 9.111407E-002
19 04 23 17 0  0 1.086875E+001 7.538996E-002
13 03 23 13 4  0 1.144516E+001 6.676008E-002
01 03 04 21 3  1 3.575244E+001 9.982396E-002
05 00 07 22 1  1 -3.227447E+000 9.257460E-002
17 02 23 08 0  0 1.275897E+001 6.663762E-002
01 04 05 09 0  1 -3.638358E+000 9.114866E-002
12 07 14 10 0  0 3.244430E-001 8.027855E-002
04 10 12 12 1  1 -5.466122E-001 8.774881E-002
03 00 07 07 0  1 -5.757629E+000 8.813005E-002
07 20 09 24 4  0 1.535801E-001 8.210523E-002
16 06 24 08 0  0 4.168648E+000 9.676118E-002
14 00 21 08 1  1 -8.947774E+000 6.069260E-002
16 05 22 11 4  0 2.452752E+000 5.211004E-002
00 09 09 13 1  1 -4.905416E+000 7.789247E-002
13 21 19 24 0  0 1.319053E+000 6.693422E-002
01 01 05 04 3  1 6.278650E+000 4.467790E-002
04 03 06 13 4  1 -5.596457E-001 4.830176E-002
17 06 23 07 0  0 1.230074E+000 8.061479E-002
02 03 06 18 0  1 -1.159078E+001 7.409340E-002
13 10 21 12 1  1 -2.791188E-001 8.951683E-002
16 04 20 12 4  0 2.086682E+000 5.721898E-002
02 02 24 06 1  1 -2.007697E+000 8.988999E-002
04 15 14 17 4  0 6.129916E-001 7.023906E-002
17 02 23 08 0  0 1.275897E+001 9.565731E-002
00 08 02 20 3  1 2.145080E+001 7.210975E-002
10 05 12 10 0  1 -6.969001E-001 1.050454E-001
22 14 24 16 0  0 2.889294E-002 8.620405E-002
04 00 07 02 2  1 3.077513E+000 7.855490E-002
04 04 06 05 0  1 -8.201747E-002 8.067540E-002
06 13 10 16 0  0 6.221362E-001 8.876819E-002
01 05 07 09 0  1 -7.088846E+000 9.700103E-002
19 06 23 14 0  0 6.441009E+000 7.267828E-002
02 09 12 13 1  1 -2.815257E+000 5.269817E-002
15 05 23 11 4  0 4.971695E+000 3.659213E-002
15 00 22 10 1  1 -1.159519E+001 9.161808E-002
12 09 16 14 0  0 2.984458E+000 1.152607E-001
19 02 21 09 0  0 1.052469E+000 1.107776E-001
01 04 05 13 0  1 -1.023436E+001 9.946610E-002
15 10 22 12 1  1 -1.284926E-001 8.514046E-002
10 05 12 10 0  1 -4.576062E-001 7.695140E-002
14 21 18 23 0  0 1.091868E+000 8.181217E-002
00 03 10 08 0  1 -1.890906E+001 7.318262E-002
16 06 24 08 0  0 2.111845E+000 4.840890E-002
08 07 09 19 3  1 1.025645E+001 5.610201E-002
14 02 22 12 4  0 1.334854E+001 8.770829E-002
01 07 05 09 0  1 -3.197560E+000 8.881169E-002
03 00 20 06 1  1 -4.834535E+000 9.810977E-002
07 20 09 24 4  0 1.535801E-001 8.109744E-002
00 14 22 18 4  0 -5.944213E+000 6.767310E-002
01 00 09 08 0  1 -2.026971E+001 6.392214E-002
14 14 18 15 0  1 -1.342805E-002 5.597908E-002
16 06 22 07 0  0 1.764035E+000 8.908120E-002
16 09 20 11 0  1 -3.935488E-002 8.935716E-002
04 00 07 02 2  1 3.077513E+000 7.207167E-002
08 18 10 24 4  0 2.874651E-001 1.095132E-001
16 16 20 24 1  0 1.517089E+000 9.558666E-002
02 03 08 13 4  1 -6.506295E+000 1.016313E-001
23 09 24 15 3  1 3.977778E+000 1.221012E-001
11 09 15 10 0  0 3.858709E-001 1.216020E-001
02 05 06 08 0  1 -2.075353E+000 9.813306E-002
18 02 20 06 0  0 1.778068E-001 7.353766E-002
06 07 24 13 1  1 -9.436691E+000 7.745357E-002
13 16 19 20 4  0 1.430393E+000 4.559098E-002
18 04 22 08 0  0 3.006274E+000 1.062025E-001
02 01 04 10 0  1 -1.500239E+000 7.258039E-002
18 06 24 18 0  0 2.077529E+001 8.459536E-002
02 01 07 19 1  1 -5.167457E+000 6.636700E-002
14 03 20 13 4  0 6.321916E+000 9.198613E-002
00 06 20 09 0  1 -7.578105E+000 1.047842E-001
07 13 09 14 0  0 6.174606E-002 9.088291E-002
14 09 20 13 1  1 -4.099592E+000 9.710635E-002
16 04 24 08 0  0 7.756242E+000 7.740267E-002
01 03 05 11 0  1 -6.165599E+000 5.376184E-002
07 03 13 23 4  1 -5.643094E+000 8.163294E-002
13 21 21 23 0  0 3.809407E+000 9.853733E-002
03 00 21 01 2  1 9.279143E+000 7.911899E-002
18 05 20 06 0  0 3.413074E-002 8.994233E-002
13 21 17 23 4  1 -2.909993E-001 7.642556E-002
16 10 23 12 1  1 -1.606158E-001 7.777077E-002
16 04 20 12 4  0 2.246478E+000 7.333651E-002
04 00 22 01 2  1 6.084260E+000 7.511555E-002
14 00 21 08 1  1 -8.009271E+000 9.544390E-002
04 09 18 13 1  1 -5.867227E+000 7.114256E-002
22 07 24 22 0  0 2.918606E+000 6.397288E-002
02 03 16 17 4  1 -4.750518E+000 9.880434E-002
16 06 24 08 0  0 2.111845E+000 8.879304E-002
01 05 05 09 0  1 -3.656921E+000 5.756424E-002
03 01 24 02 2  1 9.258518E+000 8.040670E-002
09 10 13 11 0  1 -8.602424E-001 7.292769E-002
03 14 17 18 4  0 -3.389468E+000 1.001117E-001
17 03 21 11 4  0 2.995773E+000 8.608293E-002
02 05 08 07 0  1 -3.985196E+000 6.963161E-002
03 09 11 13 1  1 -2.293200E+000 6.070802E-002
17 06 23 07 0  0 2.813104E+000 5.468268E-002
05 01 21 07 1  1 -7.170215E+000 4.846787E-002
18 03 24 15 0  0 1.784677E+001 6.414361E-002
16 05 22 11 4  0 2.452752E+000 1.976404E-002
01 02 07 21 0  1 -2.302584E+001 1.858275E-002
12 04 14 10 4  1 -6.424631E-001 2.942485E-002
02 04 08 06 0  1 -1.718589E+000 6.746117E-002
08 06 10 08 0  1 -2.685610E-001 7.665588E-002
22 00 23 03 3  1 1.906376E+000 5.464525E-002
15 20 19 24 0  0 1.199132E+000 5.948162E-002
17 08 19 13 0  1 -6.900140E-002 7.567414E-002
01 08 14 12 1  1 -6.109099E+000 1.037245E-001
18 11 20 22 0  0 1.146764E+000 1.053615E-001
04 00 06 18 4  1 -7.347242E-001 1.012473E-001
17 05 23 08 0  0 4.166072E+000 9.363425E-002
03 00 21 01 2  1 9.279143E+000 6.276979E-002
22 14 24 16 0  0 2.889294E-002 8.598882E-002
04 11 17 13 1  1 -3.740778E-001 9.131695E-002
03 01 07 07 0  1 -4.756228E+000 8.333449E-002
10 06 12 09 0  1 -4.278031E-001 9.894120E-002
16 06 24 08 0  0 2.111845E+000 8.486390E-002
14 09 20 13 1  1 -4.099592E+000 6.994999E-002
01 03 05 11 0  1 -6.165599E+000 4.996283E-002
06 15 12 21 0  0 6.210749E-001 8.108974E-002
19 04 23 17 0  0 1.086875E+001 1.038359E-001
05 13 07 23 1  0 4.620358E+000 7.141448E-002
04 04 06 14 4  1 -1.445542E-001 9.250307E-002
03 00 24 02 2  1 1.636832E+001 1.017636E-001
07 03 13 13 0  1 -5.671602E+000 7.947941E-002
06 17 08 23 0  1 -2.891084E-001 7.396957E-002
06 11 10 15 0  0 3.136788E-001 9.491271E-002
02 01 05 04 3  1 4.781602E+000 8.505158E-002
18 02 20 06 0  0 1.778068E-001 6.324955E-002
13 21 17 23 4  1 -2.909993E-001 5.887610E-002
16 10 19 12 1  1 -1.878979E-001 7.985706E-002
09 09 13 13 0  1 -1.930581E+000 6.987174E-002
17 05 23 07 0  0 3.846332E+000 8.741980E-002
03 00 05 23 0  1 -1.517353E+000 6.996733E-002
19 02 23 14 1  1 -1.163395E+001 8.503476E-002
13 16 19 18 1  0 5.571727E-001 9.807979E-002
01 01 05 04 3  1 6.278650E+000 7.009012E-002
02 05 16 15 4  1 3.455949E+000 8.650438E-002
04 12 14 16 4  1 -3.651226E+000 9.897572E-002
19 12 23 13 0  0 3.087303E-001 1.050511E-001
16 05 22 11 4  0 2.452752E+000 7.107100E-002
03 00 04 06 3  1 2.810776E+000 5.281299E-002
09 09 13 14 0  1 -1.200566E+000 8.371313E-002
13 15 15 17 1  1 -6.235699E-002 9.963686E-002
13 10 23 12 1  1 -5.432754E-001 7.716891E-002
00 04 08 08 0  1 -8.826389E+000 6.273834E-002
17 04 23 09 0  0 7.692664E+000 6.575517E-002
11 20 13 23 3  1 6.454111E+000 7.436629E-002
06 21 08 24 0  1 -2.824575E-001 9.160092E-002
20 02 24 04 4  1 -2.069296E-001 1.113003E-001
09 19 11 21 1  1 -3.202830E-002 1.194953E-001
03 00 21 02 2  1 1.790392E+001 7.863609E-002
06 05 08 06 0  1 -6.987356E-002 7.734104E-002
07 21 21 24 0  0 2.867266E+000 9.962770E-002
17 00 19 12 4  0 2.879403E-001 9.825181E-002
00 03 06 12 0  1 -1.380391E+001 1.149420E-001
15 05 23 11 4  0 5.276211E+000 1.055767E-001
04 00 08 22 1  1 -6.729801E+000 7.232437E-002
11 01 15 11 4  1 -1.652901E+000 9.944716E-002
01 02 09 05 0  1 -8.458246E+000 1.076824E-001
15 09 22 13 1  1 -4.530257E+000 9.676249E-002
16 06 24 08 0  0 2.111845E+000 8.533376E-002
14 00 21 08 1  1 -9.083335E+000 7.490389E-002
05 06 15 08 1  0 1.173545E+000 8.252556E-002
19 01 21 11 0  0 1.146764E+000 7.801801E-002
13 19 19 21 4  1 -5.764569E-001 9.785829E-002
16 06 24 08 0  0 4.168648E+000 6.683957E-002
01 07 05 08 0  1 -9.303959E-001 6.523245E-002
22 00 23 03 3  1 1.622755E+000 8.027477E-002
07 10 17 14 1  1 -1.742326E+000 9.185263E-002
18 01 20 08 0  0 8.751791E-001 9.705175E-002
10 05 12 10 0  1 -7.171235E-001 9.732181E-002
00 05 08 08 0  1 -7.182120E+000 7.165172E-002
03 10 23 12 1  1 -1.285593E+000 7.280075E-002
17 04 23 09 0  0 7.692664E+000 5.152793E-002
14 05 24 11 4  0 6.471776E+000 4.684690E-002
03 00 04 06 3  1 2.810776E+000 3.286834E-002
14 14 18 15 0  1 -2.478572E-001 4.435358E-002
16 05 22 11 4  0 2.452752E+000 6.236751E-002
01 04 07 18 1  1 -6.553124E+000 6.961607E-002
00 04 08 08 0  1 -8.826389E+000 4.758690E-002
15 21 17 23 0  0 5.244830E-001 4.780620E-002
14 06 24 08 0  0 3.652921E+000 4.121206E-002
08 07 09 19 3  1 1.025645E+001 7.054502E-002
14 19 18 23 4  1 -1.443561E+000 7.445675E-002
06 19 10 23 4  0 5.557613E-001 6.898025E-002
04 00 12 18 4  1 -3.284135E+000 7.888701E-002
08 07 12 10 0  1 -1.622254E+000 8.369703E-002
01 03 05 11 0  1 -6.165599E+000 7.282760E-002
14 09 19 13 1  1 -3.452727E+000 6.942594E-002
17 02 21 08 0  0 2.978499E+000 5.564507E-002
18 09 24 13 0  0 4.008734E+000 8.573013E-002
19 02 23 14 1  1 -1.163395E+001 8.487560E-002
04 02 06 05 0  1 -4.198816E-001 8.955284E-002
03 02 23 06 1  1 -6.047574E-001 7.578451E-002
18 07 24 18 0  0 1.748767E+001 9.268407E-002
01 03 04 24 3  1 3.470069E+001 7.162709E-002
02 09 11 13 1  1 -2.028177E+000 8.352533E-002
15 02 23 08 0  0 1.629040E+001 5.271911E-002
01 01 05 04 3  1 6.278650E+000 5.372014E-002
13 16 19 24 4  1 -2.560403E+000 5.751990E-002
04 03 06 13 4  1 -5.440033E-001 6.807666E-002
07 04 13 16 0  1 -9.504184E+000 6.150023E-002
16 07 18 17 4  1 -3.843396E-001 8.913181E-002
06 14 07 22 1  0 8.110410E-001 9.424529E-002
19 11 23 14 0  0 2.539452E+000 6.761533E-002
18 08 23 12 1  1 -1.484813E+000 6.370671E-002
10 05 12 10 0  1 -5.088819E-001 7.722112E-002
02 00 08 06 4  0 3.000161E+000 7.200242E-002
12 07 14 10 0  0 4.175603E-001 1.128474E-001
08 00 23 03 2  1 4.162650E+001 9.883247E-002
01 03 07 16 0  1 -1.301182E+001 7.849911E-002
15 05 23 11 4  0 4.971695E+000 6.203813E-002
06 13 10 16 0  0 4.714539E-001 7.469113E-002
02 09 12 13 1  1 -2.815257E+000 3.026488E-002
03 00 24 05 2  1 3.331688E+001 2.850164E-002
07 20 09 24 4  0 1.535801E-001 5.384212E-002
11 04 13 16 1  0 -7.844240E+000 6.680548E-002
01 05 05 09 0  1 -3.656921E+000 4.795742E-002
19 06 21 07 0  0 2.287977E-001 5.180392E-002
00 15 20 17 4  0 -2.029797E+000 5.677536E-002
01 01 18 05 1  1 -2.158782E+000 7.918288E-002
01 00 03 04 4  0 8.007919E-001 7.812967E-002
18 06 24 17 0  0 1.550833E+001 5.116070E-002
15 17 17 23 4  1 -6.832653E-001 6.421994E-002
10 05 12 09 0  1 -8.074647E-002 8.381561E-002
15 05 23 11 4  0 4.971695E+000 1.016395E-001
01 03 05 11 0  1 -6.165599E+000 5.831442E-002
15 10 22 12 1  1 -1.284926E-001 7.445634E-002
16 06 24 08 0  0 4.168648E+000 6.687744E-002
07 05 09 07 4  1 -1.446465E-001 6.800451E-002
17 00 23 03 3  1 7.381550E+000 7.550324E-002
18 12 20 16 1  0 2.899955E-001 8.215659E-002
09 02 24 03 2  1 1.245622E+001 1.061254E-001
04 03 06 05 0  1 -2.730468E-001 1.008260E-001
16 00 18 10 4  0 6.647164E-001 7.981873E-002
01 03 17 17 4  1 -5.929937E+000 9.393858E-002
15 19 17 23 4  1 -4.772706E-001 6.964064E-002
02 01 18 03 1  1 -1.011879E+000 8.206502E-002
01 03 05 13 0  1 -1.188518E+001 6.746164E-002
13 09 17 15 4  0 3.597116E-001 7.144707E-002
15 06 23 10 4  0 3.073953E+000 1.053568E-001
18 11 24 23 0  0 1.718664E+001 9.304802E-002
03 08 06 14 1  1 -3.042342E-001 7.087387E-002
16 05 22 11 4  0 2.452752E+000 9.768292E-002
02 00 03 06 3  1 2.671575E+000 7.124472E-002
07 17 11 19 0  0 4.750492E-001 6.243535E-002
12 04 14 16 0  0 1.047981E+000 9.032494E-002
11 00 23 24 0  0 5.522018E+001 7.981148E-002
06 17 08 24 0  1 -4.760337E-001 8.934071E-002
16 04 18 09 0  1 -3.461833E-002 8.218757E-002
03 01 14 03 1  1 -3.051700E-001 7.537240E-002
02 03 06 21 0  1 -8.814420E+000 9.770834E-002
15 05 23 11 4  0 5.276211E+000 9.115213E-002
19 05 23 15 0  0 8.881530E+000 8.331424E-002
03 02 23 06 1  1 -6.047574E-001 6.158957E-002
01 05 04 23 3  1 3.821436E+001 7.321228E-002
21 04 22 14 1  1 -2.338799E+000 8.826300E-002
00 05 14 09 4  1 -5.190854E+000 8.121935E-002
17 12 23 13 0  0 1.051498E+000 8.395528E-002
10 05 12 10 0  1 -5.088819E-001 9.545713E-002
13 21 17 23 4  1 -2.909993E-001 1.010952E-001
13 00 22 02 1  1 -3.646055E-001 8.067006E-002
15 09 22 13 1  1 -4.536906E+000 9.313411E-002
01 01 15 19 4  1 -2.795913E+001 8.965721E-002
16 06 24 08 0  0 4.168648E+000 1.038015E-001
14 00 21 08 1  1 -9.083335E+000 7.132123E-002
21 00 24 03 3  1 6.185179E+000 4.497837E-002
02 01 03 04 3  1 1.382494E+000 7.169714E-002
18 05 22 06 0  0 1.124992E+000 6.066108E-002
16 04 20 12 4  0 2.246478E+000 8.432951E-002
01 04 05 11 0  1 -6.139362E+000 7.366342E-002
17 10 19 12 1  1 -7.781830E-002 7.700760E-002
17 03 23 07 0  0 5.555485E+000 7.917374E-002
03 00 04 06 3  1 2.810776E+000 7.356195E-002
14 19 18 23 4  1 -1.500362E+000 7.452289E-002
07 06 15 18 4  1 8.332685E-001 5.963665E-002
02 05 12 09 4  1 -2.766935E+000 8.337532E-002
14 03 24 07 0  0 1.512295E+001 6.122111E-002
10 00 21 08 1  1 -7.087911E+000 6.020023E-002
06 21 08 24 0  1 -4.571502E-001 6.756193E-002
17 03 21 11 4  0 2.086895E+000 9.169035E-002
05 10 08 12 1  1 -2.529565E-001 7.052635E-002
00 05 08 08 0  1 -7.182120E+000 6.521637E-002
16 05 22 11 4  0 2.452752E+000 7.321089E-002
02 08 09 14 1  1 -5.468835E+000 8.078426E-002
11 06 15 11 0  0 2.586880E+000 7.400128E-002
18 08 24 13 0  0 5.644475E+000 7.041505E-002
18 00 24 06 4  1 -6.169030E+000 7.685176E-002
02 05 18 06 0  1 -1.057853E+000 8.090796E-002
03 19 15 23 4  0 2.574537E+000 8.994389E-002
00 04 08 08 0  1 -7.951633E+000 9.012670E-002
17 05 23 08 0  0 4.166072E+000 7.372237E-002
00 08 17 14 1  1 -7.646114E+000 9.389980E-002
11 20 17 21 0  1 -8.528974E-001 8.397009E-002
F : 0.398058 , D : 0.998698 , th : 203.586146
---------- 15 ----------
32
00 02 24 07 2  1 3.240094E+001 1.207018E-001
15 02 21 12 4  0 6.199003E+000 1.004090E-001
08 09 20 13 1  1 -8.853649E+000 1.183024E-001
17 04 23 12 0  0 1.746764E+001 1.263304E-001
12 06 16 14 0  0 2.532533E+000 1.107890E-001
02 00 06 14 1  1 -2.192403E+001 1.250924E-001
07 06 10 10 1  0 1.662746E+000 1.415900E-001
18 06 24 10 0  0 8.795022E+000 1.428007E-001
11 09 17 17 4  0 4.138768E+000 1.479703E-001
07 09 19 13 1  1 -6.036766E+000 1.422962E-001
14 02 22 07 0  0 1.349685E+001 1.350273E-001
00 04 08 08 0  1 -1.315374E+001 1.306048E-001
03 19 17 23 4  0 3.053119E+000 1.084072E-001
09 12 20 20 1  0 7.760003E+000 1.302580E-001
00 01 06 11 4  0 9.515966E+000 9.868729E-002
10 08 12 11 0  1 -6.271965E-001 1.191109E-001
18 18 19 24 1  0 6.497583E-001 1.148275E-001
02 00 23 03 2  1 1.983255E+001 1.439737E-001
06 14 09 20 3  0 1.488700E+001 1.077027E-001
02 09 10 13 1  1 -5.775498E+000 1.420993E-001
01 01 07 10 0  1 -1.626362E+001 1.279393E-001
18 01 24 11 4  1 -7.295768E+000 1.294865E-001
08 11 14 17 1  0 2.973563E+000 1.003414E-001
15 05 23 11 4  0 5.226541E+000 9.121735E-002
00 00 24 08 2  1 6.288956E+001 7.675167E-002
09 09 13 13 0  1 -1.745542E+000 1.026425E-001
08 04 10 13 0  1 -8.678789E-002 1.349559E-001
04 19 16 23 4  0 6.557843E+000 1.250742E-001
20 02 22 13 0  0 3.531724E+000 1.336223E-001
04 11 17 13 1  1 -3.740778E-001 1.130294E-001
07 20 08 24 1  0 7.348329E-001 1.393124E-001
03 00 06 12 1  1 -1.134202E+001 1.415945E-001
F : 0.398401 , D : 0.998698 , th : 13.606325
---------- 16 ----------
26
17 02 23 20 0  0 2.887367E+001 1.196552E-001
00 08 24 14 1  1 -1.560812E+001 1.317403E-001
00 02 12 07 0  1 -2.742738E+001 1.037916E-001
07 06 13 18 4  1 -5.478075E+000 1.519010E-001
00 00 06 12 4  0 1.232176E+001 1.688254E-001
12 09 21 13 1  1 -4.489316E+000 1.522255E-001
17 05 23 08 0  0 7.561428E+000 1.393808E-001
04 03 06 05 0  1 -3.960785E-001 1.419218E-001
11 11 14 14 2  0 7.612365E+000 1.472712E-001
13 20 17 24 4  1 -9.200719E-001 1.442335E-001
08 06 17 08 1  0 2.357958E+000 1.357883E-001
01 06 05 13 0  1 -6.139100E+000 1.393072E-001
06 09 09 13 1  1 -3.444739E+000 1.301315E-001
10 09 12 10 0  1 -2.050067E-001 1.361074E-001
04 01 18 05 1  1 -4.758992E+000 1.343734E-001
20 02 21 05 3  1 9.565714E-001 1.438825E-001
16 08 20 24 4  1 -1.785575E+000 1.419411E-001
09 06 13 17 0  1 -2.909095E+000 1.748214E-001
00 08 16 14 1  1 -1.579710E+001 1.510562E-001
00 15 12 22 0  1 -3.276063E+001 1.308367E-001
10 04 13 06 2  0 5.549851E+000 1.774389E-001
15 02 21 12 4  0 6.297279E+000 1.815980E-001
08 00 20 10 1  1 -4.990844E+001 1.479562E-001
19 03 23 18 0  0 9.568381E+000 1.268257E-001
13 08 24 14 1  1 -8.389070E+000 1.079166E-001
04 00 22 01 2  1 7.112593E+000 1.307356E-001
F : 0.393718 , D : 0.998698 , th : 10.361545
---------- 17 ----------
34
01 02 07 17 0  1 -2.316923E+001 8.702703E-002
01 06 24 14 1  1 -1.924709E+001 9.140024E-002
17 03 23 08 0  0 1.216010E+001 1.114578E-001
00 01 24 06 2  1 4.058166E+001 9.575729E-002
09 11 12 17 1  0 1.853802E+000 7.602407E-002
01 01 05 13 0  1 -7.645311E+000 1.245693E-001
18 00 23 10 1  1 -9.864476E+000 1.038167E-001
13 04 15 14 0  0 7.482992E-001 1.022330E-001
16 13 23 19 1  0 3.155816E+000 9.356612E-002
01 03 07 11 0  1 -1.543475E+001 1.137108E-001
05 18 11 22 4  0 1.386234E+000 9.539999E-002
18 01 22 23 0  0 1.056236E+001 8.674034E-002
08 00 14 06 1  1 -3.226451E+000 7.272894E-002
13 02 23 04 0  0 7.744577E+000 8.140778E-002
00 09 23 13 1  1 -1.506875E+001 8.280919E-002
07 07 13 11 0  1 -2.994661E+000 8.117595E-002
06 22 16 24 1  0 4.167998E+000 7.070197E-002
01 03 07 22 0  1 -1.990657E+001 9.076046E-002
05 10 13 22 1  0 1.041195E+001 6.817378E-002
03 06 14 08 1  0 1.497388E+000 1.117332E-001
02 00 22 04 1  1 -7.704256E+000 1.281974E-001
16 08 23 14 1  1 -5.828892E+000 1.091542E-001
15 00 21 14 4  0 3.377521E+000 9.555401E-002
01 03 07 13 0  1 -1.964245E+001 6.876068E-002
04 18 19 20 1  1 -1.645942E-001 9.034865E-002
19 01 22 15 1  1 -1.569657E+001 1.109490E-001
11 11 13 19 1  0 4.204809E+000 1.288116E-001
13 21 21 23 0  0 3.767875E+000 1.144278E-001
10 06 12 08 4  0 2.300250E-002 8.500277E-002
17 03 23 08 0  0 1.019127E+001 6.241429E-002
01 04 07 15 0  1 -1.130557E+001 9.157324E-002
08 08 12 10 0  1 -8.074647E-001 9.654015E-002
15 09 19 12 0  1 -7.245057E-001 1.101025E-001
04 00 06 12 1  1 -9.879355E+000 1.075173E-001
F : 0.384352 , D : 0.998698 , th : 17.716786
---------- 18 ----------
22
17 02 23 20 0  0 2.776097E+001 1.126923E-001
07 08 24 14 1  1 -1.394085E+001 8.348888E-002
01 03 09 07 0  1 -9.613165E+000 9.495901E-002
14 04 22 10 4  0 7.170185E+000 1.106795E-001
10 11 17 23 3  0 7.041523E+001 1.040754E-001
20 06 22 11 0  0 1.344455E+000 1.012033E-001
10 09 12 10 0  1 -2.173101E-001 1.211789E-001
03 00 04 14 1  1 -7.685884E+000 1.196174E-001
13 04 23 12 4  0 6.233345E+000 1.260404E-001
18 03 24 23 0  0 3.158406E+001 1.029397E-001
02 09 22 13 1  1 -8.513322E+000 9.941621E-002
00 00 21 04 1  1 -1.407526E+001 8.381275E-002
12 07 16 12 0  0 1.968117E+000 1.142639E-001
03 11 05 14 0  1 -2.314344E-001 1.178202E-001
11 21 17 23 4  1 -7.526650E-001 1.006804E-001
18 05 22 09 0  0 1.668614E+000 1.307111E-001
00 00 02 18 4  0 1.550390E+000 1.388120E-001
11 07 15 23 4  0 3.653190E+000 1.042665E-001
01 09 14 13 1  1 -3.712275E+000 1.190867E-001
20 00 22 21 0  0 4.759338E+000 1.083246E-001
07 00 08 04 1  1 -1.129075E-001 1.024754E-001
13 21 21 22 0  0 2.097257E+000 9.110705E-002
F : 0.376699 , D : 0.998698 , th : 10.788805
---------- 19 ----------
14
01 04 07 16 0  1 -1.671341E+001 1.338889E-001
02 04 10 10 4  1 -4.204964E+000 1.073338E-001
17 04 23 08 0  0 1.249114E+001 1.182408E-001
01 08 24 14 1  1 -1.592552E+001 1.285475E-001
18 03 24 23 0  0 3.158406E+001 1.339876E-001
13 02 21 12 4  0 1.063020E+001 1.089511E-001
02 03 04 21 0  1 -3.627200E+000 8.398944E-002
08 07 12 11 0  1 -1.412680E+000 8.953074E-002
00 04 05 16 1  1 -1.669828E+001 1.122024E-001
07 13 20 15 1  0 1.281114E+000 1.156750E-001
06 02 08 10 4  1 -3.614379E-001 1.061959E-001
11 05 23 07 0  0 4.294101E+000 1.192063E-001
17 00 22 04 1  1 -1.901234E+000 1.300158E-001
03 13 09 17 1  0 9.512155E-001 1.145474E-001
F : 0.375671 , D : 0.998698 , th : 6.349970
---------- 20 ----------
113
17 02 23 20 0  0 2.776097E+001 1.047630E-001
09 08 23 14 1  1 -9.490039E+000 8.022273E-002
03 00 18 06 1  1 -2.310832E+001 1.113526E-001
15 02 21 12 4  0 7.067117E+000 1.007952E-001
01 05 05 19 0  1 -1.190357E+001 1.066136E-001
12 05 18 15 2  0 5.030846E+001 1.142283E-001
20 05 22 12 0  0 1.816203E+000 1.079795E-001
05 09 19 13 1  1 -1.061486E+001 8.771969E-002
10 08 12 10 0  1 -7.847979E-001 1.333846E-001
01 03 09 06 0  1 -4.382788E+000 1.344286E-001
08 01 21 03 1  1 -6.818988E-001 1.296201E-001
14 08 20 24 4  1 -6.325014E+000 1.361660E-001
16 05 24 06 0  0 2.483333E+000 1.423196E-001
14 11 17 13 1  1 -1.299414E-001 1.309445E-001
00 00 08 10 4  0 7.282033E+000 1.458360E-001
19 03 23 18 0  0 8.892714E+000 1.592709E-001
14 04 22 10 4  0 8.494059E+000 1.043518E-001
10 13 19 14 2  0 8.592750E+000 9.175659E-002
12 02 16 16 0  0 3.809341E+000 1.132848E-001
00 14 08 23 0  1 -2.692934E+001 7.902150E-002
19 00 22 08 1  1 -2.923207E+000 9.423716E-002
14 08 24 14 1  1 -9.104220E+000 1.250731E-001
11 03 23 08 0  0 2.015569E+001 9.442440E-002
14 11 21 19 1  0 3.234284E+000 1.247542E-001
17 19 23 23 4  0 3.283982E+000 8.497147E-002
01 03 11 13 4  1 -7.759838E+000 1.157748E-001
16 04 20 12 4  0 2.241541E+000 1.182469E-001
00 01 24 19 1  1 -1.184491E+002 1.128208E-001
18 04 22 06 0  0 1.461657E+000 1.332759E-001
01 04 05 15 0  1 -8.186991E+000 1.288501E-001
07 11 12 19 1  0 6.748971E+000 1.080689E-001
15 17 19 23 4  1 -3.385951E+000 8.766467E-002
15 01 19 13 4  0 2.158206E+000 8.331463E-002
00 00 08 16 1  1 -2.342264E+001 1.265815E-001
19 04 23 17 0  0 9.110274E+000 8.731777E-002
18 01 20 05 0  0 3.908389E-001 9.717157E-002
15 06 21 10 4  0 1.155356E+000 9.909936E-002
02 01 04 11 0  1 -2.988223E+000 1.175737E-001
13 07 17 17 1  1 -4.700227E+000 9.832130E-002
08 08 09 10 1  0 4.740097E-001 1.169562E-001
03 01 13 17 4  1 1.772503E+000 1.060879E-001
18 01 19 09 1  1 -3.455792E+000 1.329828E-001
00 07 24 15 1  1 -2.030549E+001 1.365935E-001
18 03 24 23 0  0 3.081894E+001 1.022620E-001
08 05 15 14 3  0 6.201405E+001 8.583697E-002
00 01 24 08 2  1 5.225464E+001 8.435054E-002
08 01 20 03 1  1 -1.600496E+000 1.212185E-001
19 02 21 08 0  0 6.484583E-001 1.202049E-001
10 08 16 11 0  0 1.971923E+000 8.007950E-002
09 22 17 24 1  0 2.464818E+000 7.335341E-002
03 02 07 08 0  1 -1.977203E+000 9.104998E-002
02 07 23 15 1  1 -2.678308E+001 9.710955E-002
18 06 24 15 0  0 1.151282E+001 9.791630E-002
02 03 04 08 0  1 -1.293196E+000 8.204757E-002
08 12 20 15 3  0 2.943198E+001 1.249308E-001
14 04 22 10 4  0 7.359262E+000 1.177284E-001
04 00 05 12 1  1 -5.249739E+000 9.445693E-002
05 12 19 20 1  0 1.130185E+001 1.196052E-001
11 21 17 23 4  1 -5.741232E-001 1.213671E-001
16 00 22 13 0  0 2.293972E+001 1.220071E-001
12 06 16 15 0  0 3.341391E+000 1.078607E-001
05 00 20 22 1  1 -6.868564E+001 1.013654E-001
18 04 22 05 0  0 8.464792E-001 1.201527E-001
04 10 18 14 1  1 -4.579937E+000 9.956107E-002
20 07 24 12 0  0 3.461789E+000 1.409975E-001
12 06 14 09 3  0 5.177303E+000 1.373881E-001
03 13 05 24 0  1 -2.708323E+000 1.491590E-001
12 01 14 15 0  0 1.157444E+000 1.171825E-001
15 13 19 19 1  0 1.684407E+000 1.378648E-001
00 00 02 08 0  0 2.986367E+000 1.268209E-001
06 01 09 03 1  1 -1.008777E-001 1.230399E-001
15 03 21 11 4  0 3.010348E+000 1.279445E-001
17 17 23 18 0  0 7.242889E-001 1.182584E-001
19 02 21 08 0  0 6.484583E-001 1.376170E-001
00 01 06 13 1  1 -1.810871E+001 9.860469E-002
15 18 19 22 4  1 -1.376388E+000 8.572535E-002
14 13 20 17 4  1 4.329037E-001 1.113817E-001
10 08 12 11 0  1 -7.349882E-001 1.308157E-001
10 06 17 10 1  0 2.966601E+000 1.354003E-001
20 05 22 12 0  0 1.245750E+000 1.181670E-001
14 11 17 13 1  1 -1.299414E-001 1.113739E-001
01 06 07 17 0  1 -1.985955E+001 9.482552E-002
07 07 23 15 1  1 -1.359382E+001 1.385528E-001
02 00 21 08 1  1 -3.600077E+001 9.489176E-002
18 08 24 12 0  0 3.874567E+000 9.593796E-002
11 08 15 10 0  0 1.405890E+000 1.015076E-001
12 02 22 04 0  0 5.642456E+000 9.544816E-002
00 00 06 14 1  1 -2.051523E+001 1.011381E-001
18 04 24 18 0  0 2.659653E+001 1.345265E-001
13 10 19 12 1  1 -8.512637E-001 1.165606E-001
10 00 14 04 1  1 -1.837742E+000 1.099755E-001
15 01 19 13 4  0 2.158206E+000 1.154805E-001
01 04 05 21 0  1 -1.240975E+001 1.215229E-001
11 09 17 19 4  0 3.829184E+000 1.126583E-001
09 02 11 08 0  1 -1.437325E-001 9.253575E-002
00 02 02 18 4  0 1.009449E+000 1.119019E-001
08 09 13 19 1  0 3.696046E+000 1.557563E-001
22 07 24 23 0  0 5.139333E+000 1.243855E-001
01 06 15 10 4  1 -1.395971E+000 1.195394E-001
18 03 22 18 0  0 1.062184E+001 1.283524E-001
03 03 21 05 1  1 -6.421821E-001 1.062545E-001
08 18 13 20 1  1 -1.382494E+000 1.097831E-001
12 06 16 14 0  0 2.554019E+000 1.180694E-001
19 01 22 17 1  1 -1.578572E+001 1.226815E-001
13 22 19 23 0  0 1.380763E+000 1.107907E-001
11 05 15 14 3  0 3.505747E+001 7.696650E-002
20 05 22 12 0  0 2.759485E+000 1.007999E-001
08 12 20 20 1  0 1.170867E+001 1.119581E-001
16 03 22 05 0  0 1.971923E+000 1.151738E-001
05 00 09 14 4  1 -2.508786E+000 1.042774E-001
18 01 24 09 4  1 -8.421040E+000 1.150640E-001
13 16 19 20 4  0 6.433946E-001 1.130470E-001
02 09 21 13 1  1 -7.852359E+000 1.238118E-001
F : 0.399657 , D : 0.998698 , th : 58.089962
---------- 21 ----------
44
01 01 22 03 2  1 1.876945E+001 6.188602E-002
04 08 23 14 1  1 -1.814950E+001 7.300781E-002
18 04 24 15 0  0 1.463092E+001 7.501299E-002
01 04 05 14 0  1 -1.211474E+001 9.305269E-002
02 05 12 09 4  1 -3.710225E+000 9.980350E-002
14 03 24 07 0  0 1.482915E+001 1.114643E-001
17 00 20 01 2  1 1.089023E+000 9.868863E-002
13 09 17 13 1  1 -4.195250E+000 1.159620E-001
12 06 16 14 0  0 2.539617E+000 1.151523E-001
06 22 17 24 1  0 3.938984E+000 1.086724E-001
16 04 20 12 4  0 2.236645E+000 1.233215E-001
00 02 24 04 2  1 1.356757E+001 9.661356E-002
04 11 21 21 1  0 1.884092E+001 8.560537E-002
18 04 24 23 0  0 3.026569E+001 1.442561E-001
12 09 14 13 0  0 6.127682E-001 1.133790E-001
02 01 23 03 1  1 -2.244467E+000 1.138436E-001
17 10 19 14 4  1 -3.362971E-001 1.275687E-001
02 00 03 03 3  1 1.210941E+000 1.381652E-001
02 08 14 14 1  1 -7.272747E+000 1.136670E-001
12 22 22 23 0  0 5.309160E+000 1.049937E-001
02 02 12 14 4  1 -4.079790E+000 1.068822E-001
14 03 22 13 4  0 9.236239E+000 1.247023E-001
18 03 24 23 0  0 3.172056E+001 1.241383E-001
07 00 21 06 1  1 -1.360232E+001 1.233103E-001
02 03 04 21 0  1 -3.627200E+000 1.259872E-001
14 09 19 13 1  1 -4.509551E+000 9.107181E-002
02 05 08 07 4  1 -7.669432E-001 1.337396E-001
06 03 24 04 2  1 1.484096E+001 1.424965E-001
18 00 21 03 3  1 3.063643E+000 1.204714E-001
07 11 21 19 1  0 1.192264E+001 1.228307E-001
12 05 16 15 0  0 3.139197E+000 1.218214E-001
14 03 24 07 0  0 1.482915E+001 1.221474E-001
00 17 10 21 0  1 -2.166237E+001 1.101933E-001
02 08 14 14 1  1 -7.272747E+000 1.051994E-001
19 05 23 13 0  0 7.423249E+000 9.539375E-002
01 05 05 14 0  1 -9.923582E+000 8.516441E-002
08 08 14 12 0  1 -3.408669E+000 8.773130E-002
12 09 19 13 1  1 -5.541270E+000 9.414462E-002
23 06 24 21 3  1 8.883452E+000 1.068063E-001
18 02 20 10 4  0 9.209717E-001 1.021132E-001
00 01 21 02 2  1 1.233499E+001 1.035786E-001
02 16 16 24 4  0 4.558792E+000 1.140239E-001
01 00 05 22 1  1 -1.995865E+001 1.181988E-001
01 02 09 20 0  1 -3.315445E+001 1.091933E-001
F : 0.364706 , D : 0.998698 , th : 18.981052
---------- 22 ----------
43
16 03 24 17 0  0 2.603863E+001 9.451613E-002
00 09 24 13 1  1 -1.330221E+001 9.843591E-002
01 01 07 17 0  1 -2.419468E+001 1.101016E-001
10 09 12 10 0  1 -1.829323E-001 1.217294E-001
15 02 21 12 4  0 9.782665E+000 1.199031E-001
02 07 19 13 1  1 -9.625084E+000 1.026241E-001
15 05 23 09 0  0 1.536612E+001 1.102968E-001
21 01 22 17 1  1 -6.879138E+000 1.117431E-001
00 05 06 13 0  1 -1.366614E+001 1.295398E-001
02 20 20 24 1  0 5.207684E+000 1.053237E-001
18 03 24 10 0  0 8.938789E+000 1.184372E-001
04 09 17 13 1  1 -7.451192E+000 1.016029E-001
00 02 14 06 0  1 -2.496830E+001 1.198644E-001
11 10 17 14 2  0 2.292847E+001 1.200026E-001
10 09 18 15 4  0 2.940075E+000 1.025949E-001
04 00 05 10 1  1 -4.552971E+000 1.440173E-001
10 11 18 17 1  0 1.953939E+000 1.128379E-001
13 21 21 23 0  0 4.853272E+000 1.132764E-001
13 01 23 05 0  0 1.329084E+001 1.124859E-001
07 10 13 15 2  0 2.679356E+001 1.242655E-001
00 00 06 12 4  0 1.139050E+001 1.094896E-001
05 10 09 14 1  1 -1.399499E+000 1.194692E-001
00 00 22 06 1  1 -1.156348E+001 1.284672E-001
15 02 18 12 1  0 9.666375E+000 1.332312E-001
05 12 07 22 1  0 2.725014E+000 1.183104E-001
18 04 24 22 0  0 3.218027E+001 1.196341E-001
15 12 18 15 3  0 7.830818E+000 1.059495E-001
11 08 17 11 0  0 1.371802E+000 1.068567E-001
13 03 23 09 0  0 2.549255E+001 8.608882E-002
03 00 12 01 2  1 2.417618E+000 1.033309E-001
17 13 18 19 3  0 5.547036E+000 1.310660E-001
04 13 24 17 1  0 1.125123E+001 1.261505E-001
16 05 22 11 4  0 1.850542E+000 1.242978E-001
01 17 17 23 4  0 6.101906E+000 1.292132E-001
02 00 04 21 0  1 -3.164131E+000 1.076959E-001
07 04 13 13 0  1 -5.094951E+000 1.562751E-001
12 08 24 14 1  1 -1.001413E+001 1.191295E-001
15 04 23 06 0  0 1.174581E+001 8.937137E-002
11 08 17 11 0  0 1.769764E+000 1.050608E-001
00 05 04 17 1  1 -1.559641E+001 1.250556E-001
09 03 10 05 1  1 -2.975959E-002 1.170249E-001
16 01 24 22 0  0 3.900914E+001 1.245705E-001
06 09 09 13 1  1 -1.969740E+000 9.858086E-002
F : 0.396345 , D : 0.998698 , th : 20.469314
---------- 23 ----------
25
00 01 24 06 2  1 5.018025E+001 6.611111E-002
16 03 24 08 0  0 1.258320E+001 6.911902E-002
00 08 17 14 1  1 -1.456185E+001 7.199975E-002
01 03 05 20 0  1 -1.394718E+001 9.212794E-002
15 09 22 13 1  1 -4.530257E+000 1.256643E-001
19 04 23 17 0  0 1.102007E+001 1.197989E-001
03 05 09 11 4  1 -2.300011E+000 1.196289E-001
12 08 16 14 0  0 2.475959E+000 1.328267E-001
18 00 21 08 1  1 -7.377924E+000 1.022721E-001
02 13 08 17 1  0 1.932323E+000 1.435889E-001
02 00 23 07 2  1 5.459289E+001 1.200257E-001
06 18 12 22 4  0 1.704924E+000 1.141230E-001
16 09 17 15 1  1 -1.526443E+000 1.451146E-001
01 04 05 13 0  1 -1.023436E+001 1.218500E-001
08 07 12 12 0  1 -1.395594E+000 1.178328E-001
13 17 21 23 4  1 -6.770192E+000 1.278491E-001
15 05 23 07 0  0 5.975577E+000 9.588116E-002
07 06 23 14 1  1 -1.095404E+001 9.424946E-002
00 00 06 12 4  0 1.160371E+001 1.090427E-001
14 10 15 12 1  1 -2.390412E-001 1.371879E-001
00 00 01 21 3  1 8.393023E+000 1.205494E-001
17 03 21 13 4  0 2.374479E+000 1.021999E-001
09 04 13 10 4  0 1.281905E+000 1.339721E-001
01 02 09 18 0  1 -3.943146E+001 1.472410E-001
09 11 21 19 1  0 8.664716E+000 1.331074E-001
F : 0.368704 , D : 0.998698 , th : 10.345028
---------- 24 ----------
49
16 03 24 17 0  0 2.598197E+001 9.707317E-002
12 09 19 13 1  1 -5.541270E+000 9.496829E-002
00 03 10 07 0  1 -1.752604E+001 1.031458E-001
15 00 21 06 1  1 -6.173714E+000 9.192541E-002
11 09 17 11 0  0 2.590908E+000 1.125859E-001
18 07 24 13 0  0 6.635207E+000 1.451259E-001
02 00 05 12 1  1 -9.073799E+000 1.102198E-001
13 05 23 11 4  0 8.210526E+000 1.013886E-001
04 09 22 15 1  1 -6.962463E+000 1.226484E-001
00 02 24 07 2  1 2.986399E+001 1.022996E-001
15 02 23 06 0  0 1.119236E+001 8.850668E-002
10 07 12 23 4  1 -5.867374E-001 8.502314E-002
00 04 08 09 0  1 -1.074386E+001 1.265332E-001
06 09 09 13 1  1 -1.969740E+000 1.032661E-001
13 02 23 06 0  0 1.377094E+001 1.174929E-001
00 00 04 12 4  0 2.304941E+000 9.347681E-002
18 04 24 21 0  0 2.983126E+001 9.624105E-002
10 08 21 14 1  1 -1.059861E+001 9.368298E-002
05 18 13 24 4  0 6.654199E+000 1.013896E-001
00 03 10 07 0  1 -1.415735E+001 1.266424E-001
19 02 21 10 0  0 4.892463E-001 8.609564E-002
18 04 24 14 1  1 -1.075474E+001 9.933907E-002
09 06 13 10 0  1 -2.978632E+000 8.068737E-002
04 11 15 21 1  0 1.360692E+001 1.216551E-001
00 00 21 04 1  1 -8.292145E+000 1.000125E-001
10 20 22 24 0  0 1.331087E+001 8.364052E-002
19 03 23 17 0  0 1.157329E+001 1.165966E-001
01 09 12 13 1  1 -2.939459E+000 1.122745E-001
03 01 05 11 1  1 -6.812640E+000 9.958516E-002
14 03 24 07 0  0 1.516042E+001 8.523639E-002
02 03 06 09 0  1 -3.556082E+000 9.282729E-002
14 08 24 14 1  1 -1.095400E+001 8.095539E-002
04 03 10 11 4  1 -3.456610E+000 1.050544E-001
02 18 10 20 4  0 2.472600E-001 1.046410E-001
05 00 22 04 1  1 -7.547667E+000 9.995429E-002
19 04 23 13 0  0 6.564818E+000 7.860708E-002
15 09 21 13 1  1 -2.561701E+000 9.036405E-002
11 04 13 24 1  0 8.731720E+000 1.013588E-001
02 01 03 04 3  1 8.877236E-001 1.055995E-001
07 22 19 24 1  0 9.287014E-001 1.167658E-001
00 02 08 15 0  1 -1.563628E+001 1.210281E-001
01 11 12 21 1  0 1.293850E+001 9.884937E-002
01 03 04 19 1  1 -2.497335E+001 1.084267E-001
00 02 24 03 2  1 1.390028E+001 1.095975E-001
15 19 19 23 0  0 2.942245E+000 1.121434E-001
01 05 11 09 4  1 -2.334549E+000 1.170871E-001
17 03 23 18 0  0 6.248224E+000 9.993309E-002
00 00 02 18 4  0 1.721642E+000 9.680555E-002
12 06 15 12 3  0 1.611152E+001 7.988125E-002
F : 0.398058 , D : 0.998698 , th : 23.532165
---------- 25 ----------
33
01 00 22 04 2  1 3.387288E+001 7.555556E-002
16 05 24 06 0  0 2.758297E+000 7.450156E-002
05 09 22 13 1  1 -1.159641E+001 8.430204E-002
02 04 04 21 0  1 -3.535373E+000 1.005574E-001
11 11 14 17 1  0 2.125362E+000 1.089715E-001
04 00 05 14 1  1 -8.005273E+000 1.249782E-001
14 06 24 10 4  0 4.983607E+000 1.387792E-001
18 03 24 24 0  0 3.090013E+001 1.266674E-001
14 09 18 13 1  1 -4.357916E+000 1.180202E-001
10 00 22 01 2  1 7.462346E+000 1.397647E-001
13 03 21 11 4  0 9.312328E+000 1.279579E-001
15 14 20 16 1  0 3.386574E-001 1.294663E-001
01 04 05 14 0  1 -1.252879E+001 1.151743E-001
09 09 13 12 0  1 -9.648055E-001 1.248224E-001
13 17 21 23 4  1 -6.770192E+000 1.099341E-001
02 01 23 02 2  1 8.126282E+000 1.125989E-001
06 08 11 12 1  1 -3.950562E+000 1.257094E-001
19 00 21 21 0  0 1.640858E+000 1.236816E-001
04 04 06 06 0  1 -2.909095E-001 1.397462E-001
01 11 19 13 1  1 -7.843057E-001 1.400249E-001
06 20 14 24 4  0 4.291363E+000 1.555195E-001
06 00 22 06 1  1 -1.725724E+001 1.258912E-001
06 10 08 24 4  0 6.518140E-001 1.639387E-001
10 08 12 11 0  1 -6.271965E-001 1.466888E-001
09 12 20 20 1  0 6.614535E+000 1.153133E-001
20 02 22 14 0  0 5.210306E+000 1.223648E-001
03 00 04 03 3  1 1.589091E+000 1.601688E-001
04 19 16 23 4  0 5.275537E+000 1.384710E-001
07 06 10 10 1  0 1.514787E+000 1.536753E-001
06 07 09 13 1  1 -4.528709E+000 1.691875E-001
00 06 08 13 0  1 -1.198913E+001 1.579993E-001
18 01 22 13 1  1 -1.870284E+001 1.372572E-001
08 11 14 19 1  0 4.776074E+000 1.365906E-001
F : 0.386065 , D : 0.998698 , th : 13.093819
---------- 26 ----------
339
17 02 23 20 0  0 2.867835E+001 1.177240E-001
00 08 24 14 1  1 -1.560812E+001 1.122709E-001
00 03 10 07 0  1 -1.789931E+001 1.085179E-001
17 01 22 09 1  1 -1.061637E+001 1.212601E-001
07 07 13 10 0  1 -2.617830E+000 1.344317E-001
19 03 23 12 0  0 8.032269E+000 1.531831E-001
15 05 23 06 0  0 4.710469E+000 1.137521E-001
11 07 17 12 0  0 3.374025E+000 1.156114E-001
01 04 05 19 0  1 -1.243555E+001 1.328852E-001
10 09 21 13 1  1 -6.682120E+000 9.672325E-002
19 00 21 09 0  0 1.325041E+000 9.946252E-002
12 19 24 22 0  0 1.552345E+001 1.282454E-001
17 08 24 12 1  1 -1.161948E+000 1.201997E-001
13 03 23 11 4  0 1.478405E+001 1.025750E-001
04 11 11 19 1  0 6.285203E+000 1.477524E-001
01 03 07 10 0  1 -1.636777E+001 1.086554E-001
06 06 09 14 1  1 -6.457113E+000 1.291477E-001
00 19 12 21 0  1 -1.019510E+001 1.223305E-001
09 09 13 15 0  1 -1.124891E+000 1.316228E-001
13 02 21 10 4  0 7.540199E+000 1.544353E-001
00 03 03 15 1  1 -1.927270E+001 1.388743E-001
06 11 20 21 1  0 1.663335E+001 1.454039E-001
18 11 24 20 0  0 1.363901E+001 1.292800E-001
09 09 17 11 0  0 1.761728E+000 1.249034E-001
00 00 06 12 4  0 1.174039E+001 1.602910E-001
06 11 07 23 1  0 1.444746E+000 1.358608E-001
17 03 23 09 0  0 1.831064E+001 1.066641E-001
20 06 24 12 1  1 -2.700886E+000 1.225259E-001
15 08 18 16 1  1 -2.433438E+000 1.088882E-001
02 00 19 02 1  1 -2.490186E+000 1.252490E-001
18 10 24 20 0  0 1.005852E+001 1.490137E-001
00 06 14 07 0  1 -6.058323E+000 1.472098E-001
07 09 09 13 1  1 -2.564758E+000 1.494928E-001
08 01 22 04 0  0 8.211181E+000 1.405230E-001
07 07 13 19 4  1 -5.280637E+000 1.616276E-001
19 02 23 11 0  0 5.209392E+000 1.454637E-001
02 05 04 13 0  1 -1.199642E+000 1.184340E-001
13 08 24 14 1  1 -9.561408E+000 1.105825E-001
16 00 20 12 4  0 7.660719E+000 1.129595E-001
00 06 16 10 4  1 -2.318653E+000 1.609818E-001
08 22 22 24 0  0 8.891280E+000 1.413965E-001
04 12 20 24 1  0 2.150169E+001 1.398538E-001
15 04 23 08 0  0 1.736985E+001 1.269791E-001
03 02 05 10 1  1 -5.179091E+000 1.301480E-001
18 07 24 08 0  0 7.922356E-001 1.165459E-001
17 09 18 13 1  1 -6.984236E-001 1.383367E-001
11 04 15 22 4  0 2.726322E+000 1.337131E-001
18 06 24 22 0  0 5.017720E+001 1.214895E-001
16 02 24 09 0  0 9.705802E+000 1.394797E-001
01 08 17 14 1  1 -1.484916E+001 1.466221E-001
01 03 05 14 0  1 -8.837739E+000 1.133687E-001
14 05 24 11 4  0 7.969403E+000 1.263839E-001
02 10 22 24 1  0 4.957639E+001 1.498579E-001
15 17 19 23 4  1 -2.772587E+000 1.209957E-001
03 00 05 17 0  1 -4.953673E-001 1.352793E-001
11 06 15 11 0  0 2.336333E+000 1.453953E-001
00 05 04 11 1  1 -5.559320E+000 1.331516E-001
05 11 20 14 3  0 3.679236E+001 1.060647E-001
15 02 21 04 0  0 2.083757E+000 1.113670E-001
19 04 23 12 0  0 7.851102E+000 1.020298E-001
14 08 19 16 1  1 -3.739331E+000 9.380260E-002
20 02 22 16 1  1 -9.858523E+000 1.107991E-001
03 04 09 10 4  1 -6.893909E+000 1.170483E-001
16 06 24 07 0  0 2.950294E+000 9.200667E-002
11 21 17 23 4  1 -5.951918E-001 1.217443E-001
06 07 16 13 1  1 -5.440801E+000 1.281162E-001
15 04 23 06 0  0 7.482812E+000 7.971928E-002
01 03 11 13 4  1 -1.069310E+001 1.394146E-001
05 22 15 24 1  0 2.508622E+000 1.440398E-001
20 00 22 14 1  1 -8.304610E+000 1.409930E-001
02 03 06 22 0  1 -1.178278E+001 1.244304E-001
15 09 18 15 1  1 -3.194265E+000 1.074345E-001
18 11 24 20 0  0 1.363901E+001 1.426554E-001
03 07 09 15 1  1 -5.706922E+000 1.273332E-001
02 06 04 13 0  1 -1.352477E+000 1.065351E-001
17 03 23 05 0  0 3.190827E+000 1.217887E-001
17 01 19 07 1  1 -2.746305E+000 1.341141E-001
00 02 04 10 0  1 -6.788563E+000 1.561229E-001
13 08 17 14 1  1 -6.388530E+000 1.343765E-001
08 07 12 11 0  1 -1.163939E+000 1.317930E-001
01 04 09 07 0  1 -9.384190E+000 1.172082E-001
09 11 12 19 1  0 2.369218E+000 1.182838E-001
18 07 24 09 0  0 6.074877E+000 1.111291E-001
15 02 21 10 4  0 6.529347E+000 1.282232E-001
01 04 09 12 4  1 -4.259709E+000 1.137829E-001
11 09 19 15 4  0 7.262156E-001 1.397702E-001
22 14 24 23 0  0 2.015212E+000 1.384894E-001
00 07 24 13 1  1 -1.328738E+001 9.575224E-002
19 00 21 09 0  0 1.325041E+000 1.494328E-001
02 17 06 19 0  1 -1.887734E+000 1.209895E-001
04 12 07 22 1  0 2.461174E+000 1.378573E-001
00 00 06 12 4  0 1.174039E+001 1.342220E-001
14 09 17 15 1  1 -3.149806E+000 1.155476E-001
18 07 24 13 0  0 6.398091E+000 1.275020E-001
21 00 22 16 1  1 -7.101662E+000 1.234974E-001
16 00 22 13 0  0 2.809301E+001 1.036732E-001
11 11 14 19 1  0 3.722864E+000 1.154963E-001
04 05 14 17 4  1 -6.794695E+000 1.317427E-001
01 07 05 09 0  1 -2.388712E+000 1.366893E-001
06 17 08 23 0  1 -2.755186E-001 1.524607E-001
09 07 13 10 0  1 -2.591739E+000 1.385775E-001
01 01 21 03 1  1 -1.417867E+000 1.474822E-001
15 17 19 23 4  1 -2.790900E+000 1.258684E-001
17 04 23 09 0  0 1.455168E+001 1.030787E-001
02 08 24 14 1  1 -1.578752E+001 8.496042E-002
20 16 24 17 0  0 4.928297E-001 1.238120E-001
03 04 09 10 4  1 -3.661805E+000 1.291664E-001
03 01 23 18 0  0 3.544475E+001 1.262448E-001
01 10 20 12 1  1 -3.924177E+000 1.447484E-001
15 03 23 04 0  0 3.291129E+000 1.102339E-001
19 00 22 12 1  1 -6.109113E+000 1.074221E-001
06 00 08 24 4  0 2.998200E-001 1.299966E-001
15 09 18 15 1  1 -3.194265E+000 1.603503E-001
01 04 07 09 0  1 -1.441195E+001 1.090837E-001
07 05 13 17 4  1 -1.066285E+000 1.294266E-001
19 03 23 12 0  0 8.032269E+000 1.507587E-001
13 03 23 07 0  0 2.060472E+001 1.356838E-001
10 08 21 14 1  1 -1.059861E+001 9.991752E-002
22 05 24 24 0  0 6.140091E+000 1.363807E-001
11 06 15 11 0  0 2.336333E+000 1.185858E-001
00 00 06 14 1  1 -2.087422E+001 1.011025E-001
15 02 23 07 0  0 1.503117E+001 1.191608E-001
11 07 24 13 1  1 -1.062705E+001 1.063218E-001
18 07 24 11 0  0 7.301480E+000 1.309248E-001
17 01 21 05 1  1 -1.140850E+000 1.100056E-001
01 04 05 19 0  1 -1.243555E+001 1.017456E-001
15 09 18 15 1  1 -3.194265E+000 1.311453E-001
17 08 23 09 0  0 3.167745E+000 1.107814E-001
16 02 20 10 4  0 2.673492E+000 1.051215E-001
07 09 15 21 4  1 -4.742115E+000 1.311788E-001
05 11 20 14 3  0 3.679236E+001 1.323834E-001
13 02 22 04 2  1 6.959730E+000 1.198769E-001
02 09 14 13 1  1 -3.169027E+000 1.455405E-001
20 14 24 24 4  0 5.415570E+000 1.158481E-001
16 02 22 10 0  0 1.826024E+001 8.942957E-002
12 06 16 14 0  0 2.749591E+000 1.017946E-001
18 01 22 13 1  1 -1.870284E+001 9.921253E-002
16 09 18 15 1  1 -1.764180E+000 9.275819E-002
02 00 12 05 0  1 -1.890448E+001 1.149067E-001
05 15 11 19 1  0 5.030372E-001 1.357900E-001
17 02 21 04 0  0 6.160660E-001 1.418613E-001
01 07 05 09 0  1 -2.388712E+000 1.025521E-001
22 00 24 10 4  1 -2.730468E-001 1.310478E-001
00 14 08 16 1  0 2.933343E-002 1.437309E-001
18 04 24 09 0  0 6.760464E+000 1.458795E-001
03 00 06 14 1  1 -2.379546E+001 1.167418E-001
01 09 22 15 1  1 -1.479475E+001 1.254262E-001
20 01 22 17 1  1 -1.035625E+001 1.320046E-001
01 06 11 07 0  1 -4.181485E+000 1.162538E-001
17 03 23 06 0  0 4.974313E+000 1.122288E-001
04 11 11 19 1  0 6.285203E+000 1.281695E-001
07 07 13 23 4  1 -5.814736E+000 1.192413E-001
01 08 20 16 1  1 -1.266858E+001 1.598357E-001
01 05 05 15 0  1 -9.017535E+000 1.210085E-001
15 03 21 11 4  0 6.548882E+000 1.234948E-001
11 06 23 14 1  1 -1.399637E+001 1.495199E-001
17 04 23 10 0  0 1.813816E+001 1.161021E-001
10 07 12 10 0  1 -8.359976E-001 1.299872E-001
04 11 11 19 1  0 6.285203E+000 1.311574E-001
16 04 24 24 0  0 4.498646E+001 1.301473E-001
11 07 15 17 4  0 1.435194E+000 1.118212E-001
00 15 08 23 4  1 -9.835078E-001 1.280626E-001
01 05 05 13 0  1 -7.963292E+000 1.327928E-001
15 09 18 15 1  1 -3.194265E+000 1.399365E-001
17 02 21 06 1  1 -2.906873E+000 1.158020E-001
03 05 11 09 4  1 -2.173273E+000 1.434793E-001
18 03 22 04 0  0 3.346854E-001 1.424984E-001
07 10 20 12 1  1 -2.906699E+000 1.202537E-001
03 01 05 13 1  1 -7.277708E+000 1.309481E-001
18 04 24 11 0  0 1.036709E+001 1.266536E-001
13 04 23 06 0  0 1.102715E+001 1.375577E-001
07 08 20 16 1  1 -4.529384E+000 1.084126E-001
20 08 24 19 0  0 2.036214E+001 1.120653E-001
06 17 08 23 0  1 -2.755186E-001 1.198371E-001
15 12 17 21 0  1 -1.147848E-001 1.127965E-001
00 06 11 14 1  1 -1.689184E+001 1.390125E-001
07 01 23 03 0  0 4.171719E+000 1.335141E-001
00 20 06 24 4  1 -1.287354E+000 1.281769E-001
20 00 21 14 1  1 -6.441495E+000 1.253795E-001
04 12 20 24 1  0 2.150169E+001 1.556689E-001
01 00 09 08 0  1 -1.690752E+001 1.289061E-001
13 19 23 23 0  0 1.672143E+001 1.152504E-001
15 09 17 15 1  1 -1.049464E+000 1.308164E-001
15 00 23 09 0  0 2.463086E+001 1.606655E-001
20 01 23 15 1  1 -2.052953E+001 1.469248E-001
19 08 23 17 0  0 4.241455E+000 1.429561E-001
14 01 21 03 1  1 -1.208525E-001 1.357451E-001
02 05 04 17 0  1 -1.702256E+000 1.510995E-001
05 06 10 14 1  1 -1.163413E+001 1.251580E-001
18 03 22 06 0  0 2.771507E+000 1.173914E-001
10 04 24 10 4  0 9.989865E+000 1.280613E-001
05 22 19 24 1  0 5.538312E-001 1.093324E-001
01 03 05 09 4  0 3.447878E+000 1.370441E-001
14 08 17 16 1  1 -2.779660E+000 1.410417E-001
01 03 05 21 0  1 -1.448761E+001 1.175698E-001
08 06 12 11 0  1 -1.845060E+000 1.433274E-001
15 04 23 05 0  0 4.021640E+000 1.238675E-001
02 09 14 13 1  1 -3.169027E+000 1.073519E-001
22 06 24 20 0  0 5.490153E+000 1.061068E-001
17 10 22 12 1  1 1.753883E-001 1.021951E-001
00 01 08 09 4  0 5.593945E+000 9.762750E-002
02 11 13 19 1  0 1.460807E+001 1.327644E-001
17 05 23 07 0  0 3.858932E+000 1.379336E-001
09 07 17 13 0  0 3.813591E+000 1.379507E-001
17 14 23 24 4  0 8.827449E+000 1.076500E-001
19 01 22 17 1  1 -1.674650E+001 1.075916E-001
18 03 24 20 0  0 2.475286E+001 1.170242E-001
14 09 17 15 1  1 -3.149806E+000 1.300433E-001
01 07 05 08 0  1 -8.831832E-001 1.358125E-001
17 10 19 14 4  1 -2.208045E-001 1.546161E-001
00 15 08 18 0  1 -1.278994E+001 1.447064E-001
04 10 12 22 1  0 5.731403E+000 1.291125E-001
01 00 14 02 1  1 -7.788270E-001 1.476942E-001
22 00 24 24 0  0 4.832683E+000 1.313019E-001
16 08 18 14 1  1 -1.400694E+000 1.027741E-001
15 05 23 06 0  0 4.710469E+000 1.326639E-001
12 12 14 14 1  1 2.295697E-002 1.267659E-001
05 09 13 17 4  1 -2.046286E+000 1.429965E-001
01 04 09 07 0  1 -9.384190E+000 1.408036E-001
13 09 15 13 1  1 -9.969463E-001 1.160192E-001
18 03 24 10 0  0 9.718905E+000 9.355303E-002
05 05 09 15 1  1 -7.028492E+000 1.235570E-001
00 00 06 12 4  0 1.174039E+001 1.212829E-001
01 04 03 05 0  1 -2.572300E-001 1.014821E-001
08 01 10 21 4  1 3.362971E-001 1.401675E-001
03 05 11 09 4  1 -2.173273E+000 1.368763E-001
20 01 24 03 0  1 -1.257037E+000 1.177163E-001
08 22 24 23 0  0 8.047800E+000 1.225645E-001
01 08 18 16 1  1 -5.920320E+000 1.194846E-001
15 04 23 07 0  0 1.365408E+001 1.265687E-001
03 02 09 12 4  1 -3.162116E+000 1.099498E-001
20 01 21 13 1  1 -3.132963E+000 1.380743E-001
12 21 20 23 0  0 5.380910E+000 1.283841E-001
14 14 20 20 1  0 3.127956E+000 1.471553E-001
01 04 11 07 0  1 -1.803193E+001 1.191600E-001
09 10 13 11 0  1 -3.540628E-001 9.864665E-002
07 11 13 17 1  0 2.578796E+000 1.386757E-001
02 00 20 01 2  1 5.279597E+000 1.043669E-001
17 03 23 06 0  0 5.701290E+000 1.183198E-001
16 09 17 15 1  1 -1.787749E+000 1.060490E-001
04 13 19 17 2  0 5.066451E+001 1.182704E-001
00 06 12 09 0  1 -1.384432E+001 1.187377E-001
03 07 09 10 0  0 2.757291E+000 1.451884E-001
13 08 15 14 1  1 -1.031009E+000 1.134067E-001
18 07 24 24 0  0 2.484750E+001 1.402182E-001
03 00 14 06 1  1 -1.137390E+001 1.227797E-001
02 06 09 14 1  1 -8.670675E+000 1.452136E-001
15 00 21 12 4  0 4.380346E+000 1.229270E-001
02 02 04 20 0  1 -6.124698E+000 1.031348E-001
15 00 17 06 4  0 1.391648E-001 1.550030E-001
10 09 13 11 1  1 -1.311829E-001 1.573007E-001
01 19 09 23 4  1 -2.814755E+000 1.482988E-001
05 11 20 14 3  0 3.679236E+001 1.476913E-001
18 00 24 24 0  0 4.068256E+001 1.071014E-001
11 08 15 10 0  0 1.241401E+000 1.331402E-001
01 06 10 14 1  1 -1.303750E+001 1.367248E-001
01 03 05 10 0  1 -6.051555E+000 1.310865E-001
19 03 21 23 0  0 1.276548E+000 1.412665E-001
07 09 13 10 0  1 -2.046630E+000 1.454207E-001
20 01 22 17 1  1 -1.035625E+001 1.487966E-001
01 01 09 07 0  1 -1.403782E+001 1.373421E-001
15 09 18 15 1  1 -3.194265E+000 1.268587E-001
18 11 24 20 0  0 1.363901E+001 1.133371E-001
06 11 07 23 1  0 1.517829E+000 1.175620E-001
13 03 23 11 4  0 1.603400E+001 1.302559E-001
04 00 05 14 1  1 -7.844177E+000 1.156299E-001
07 09 15 13 0  1 -3.491937E-001 1.174738E-001
19 03 23 12 0  0 8.558402E+000 1.146489E-001
09 09 23 13 1  1 -8.183566E+000 8.676105E-002
15 03 23 07 0  0 1.981452E+001 8.821264E-002
11 08 17 12 0  0 3.286745E+000 9.708125E-002
11 21 17 23 4  1 -5.449019E-001 1.295594E-001
15 04 23 07 0  0 7.752575E+000 1.400004E-001
04 00 05 14 1  1 -8.135307E+000 1.349732E-001
13 08 20 16 1  1 -4.163051E+000 1.292915E-001
20 16 24 22 4  0 3.255023E+000 1.277107E-001
05 11 20 14 3  0 3.679236E+001 1.168706E-001
03 00 07 12 4  1 -3.512543E+000 1.441887E-001
11 06 15 12 0  0 1.831180E+000 1.448332E-001
01 19 13 22 0  1 -1.619030E+001 1.467314E-001
03 10 20 22 1  0 1.445284E+001 1.022149E-001
05 07 15 09 4  1 -9.311365E-001 1.304941E-001
01 04 09 07 0  1 -9.384190E+000 1.257075E-001
17 00 19 12 4  0 1.448302E-001 1.343380E-001
19 02 22 12 1  1 -8.755882E+000 1.157586E-001
15 03 23 04 0  0 3.271694E+000 1.257255E-001
10 09 18 12 0  0 6.172130E+000 1.191450E-001
07 07 24 15 1  1 -1.150943E+001 1.338949E-001
01 07 05 09 0  1 -2.473455E+000 1.126326E-001
17 06 23 07 0  0 2.873789E+000 1.260738E-001
07 06 13 18 4  1 -4.332588E+000 1.184915E-001
18 11 24 19 0  0 1.011858E+001 1.045920E-001
03 13 08 17 1  0 9.110716E-001 1.353375E-001
02 00 19 04 1  1 -8.238917E+000 1.445389E-001
00 05 12 08 0  1 -1.316676E+001 1.301330E-001
15 08 17 16 1  1 -1.601415E+000 1.324622E-001
15 03 23 05 0  0 7.591968E+000 1.471125E-001
20 00 21 14 1  1 -6.441495E+000 1.167847E-001
19 03 23 12 0  0 8.032269E+000 1.312792E-001
11 09 13 21 1  0 4.920562E+000 1.132732E-001
03 02 09 12 4  1 -4.424143E+000 1.427319E-001
00 16 08 24 4  1 -7.889374E+000 1.142737E-001
13 09 15 13 1  1 -9.969463E-001 1.007170E-001
01 05 05 15 0  1 -9.168175E+000 1.573006E-001
14 14 24 20 1  0 5.109270E+000 1.302061E-001
17 03 23 06 0  0 5.701290E+000 1.183692E-001
19 00 21 03 3  1 1.874854E+000 1.096473E-001
01 10 20 14 1  1 -5.362701E+000 1.194394E-001
08 01 24 04 0  0 1.271053E+001 1.505059E-001
03 00 06 14 1  1 -2.379546E+001 1.364326E-001
15 09 19 13 1  1 -3.228428E+000 1.213248E-001
06 17 08 24 0  1 -1.358743E-002 1.053106E-001
18 05 24 09 0  0 6.178917E+000 9.400597E-002
02 01 06 17 0  1 -1.513275E+001 9.892211E-002
00 08 17 14 1  1 -1.456185E+001 1.228611E-001
07 07 13 21 4  1 -6.729578E+000 1.270986E-001
20 01 24 03 0  1 -1.413425E+000 1.014821E-001
13 00 22 02 1  1 -5.786509E-001 1.521154E-001
17 04 23 08 0  0 4.651968E+000 1.451627E-001
15 17 19 23 4  1 -3.112732E+000 1.111163E-001
14 03 16 07 4  1 3.847049E-001 1.273595E-001
12 08 24 12 1  1 -6.373631E+000 1.513780E-001
01 04 05 11 0  1 -6.139362E+000 1.268176E-001
14 04 22 10 4  0 7.353482E+000 1.142459E-001
05 11 20 14 3  0 3.679236E+001 1.209335E-001
17 08 23 09 0  0 3.167745E+000 1.073302E-001
22 00 24 24 0  0 3.963464E+000 1.054959E-001
01 07 17 15 1  1 -1.949272E+001 7.706768E-002
09 07 19 17 4  0 2.390360E+000 1.006347E-001
13 03 23 11 4  0 1.603400E+001 1.303422E-001
18 05 24 21 0  0 3.087740E+001 1.268126E-001
07 01 21 03 0  0 1.285397E+000 1.389789E-001
09 07 13 20 0  1 -3.111523E+000 1.492972E-001
03 00 05 14 1  1 -1.197973E+001 1.489411E-001
07 08 20 16 1  1 -4.529384E+000 1.350716E-001
15 00 23 09 0  0 2.463086E+001 1.075459E-001
09 20 19 24 4  1 -4.537249E+000 1.119448E-001
09 07 17 14 0  0 1.769444E+000 1.155820E-001
21 04 22 12 1  1 -8.191112E-001 1.370651E-001
F : 0.399086 , D : 0.998698 , th : 145.046751
---------- 27 ----------
6
17 00 23 18 0  0 2.338608E+001 1.115517E-001
06 09 19 13 1  1 -6.417130E+000 1.049627E-001
00 04 08 12 0  1 -2.467938E+001 9.212149E-002
19 00 21 12 1  1 -8.013234E+000 1.294781E-001
04 19 14 23 4  0 3.051179E+000 1.371941E-001
02 04 10 10 4  1 -4.204964E+000 1.190192E-001
F : 0.334552 , D : 0.998698 , th : 2.143261
---------- 28 ----------
25
04 00 20 06 1  1 -1.924618E+001 1.129864E-001
19 03 23 17 0  0 8.238733E+000 8.302301E-002
09 11 14 17 1  0 3.945837E+000 1.423196E-001
00 00 24 03 2  1 1.363397E+001 1.251593E-001
12 06 16 14 0  0 2.519947E+000 1.080633E-001
00 08 17 14 1  1 -1.345501E+001 1.115340E-001
00 20 24 24 2  1 1.916805E+001 1.008155E-001
16 05 24 06 0  0 2.461389E+000 1.128504E-001
04 02 06 12 4  1 -5.925235E-001 1.243225E-001
01 14 19 20 1  0 5.029484E+000 1.281778E-001
01 00 22 04 2  1 3.387288E+001 8.508492E-002
15 09 19 12 0  1 -1.120016E+000 1.261908E-001
15 17 19 23 4  1 -2.129425E+000 1.450137E-001
13 09 23 11 1  1 -1.944837E+000 1.200864E-001
16 07 19 11 1  0 1.035939E+000 1.116732E-001
19 00 21 08 0  0 1.395662E+000 1.317700E-001
01 04 11 12 4  1 -9.215713E+000 1.324252E-001
19 00 21 12 1  1 -6.879858E+000 1.015612E-001
08 11 14 17 1  0 2.181865E+000 1.051679E-001
01 03 05 19 0  1 -1.281356E+001 1.234001E-001
04 09 11 13 1  1 -5.294334E+000 9.886930E-002
10 20 16 24 4  1 -7.569886E-001 1.175009E-001
18 05 22 08 0  0 2.775013E+000 1.433380E-001
08 06 10 10 1  0 5.280286E-001 1.289935E-001
04 03 06 05 0  1 -2.205548E-001 1.144603E-001
F : 0.389377 , D : 0.998698 , th : 11.796489
---------- 29 ----------
17
01 04 07 16 0  1 -1.671341E+001 9.884615E-002
18 01 22 22 0  0 1.294708E+001 1.245712E-001
16 09 18 13 1  1 -1.267460E+000 9.990044E-002
13 19 23 20 0  0 2.917139E+000 1.313724E-001
19 00 22 12 1  1 -7.396376E+000 1.113918E-001
09 09 13 12 0  1 -2.142921E+000 1.139543E-001
00 03 08 09 0  1 -1.480880E+001 1.180461E-001
00 06 24 14 1  1 -3.062849E+001 1.427901E-001
15 05 23 06 0  0 4.726508E+000 1.162737E-001
11 07 15 11 0  0 1.343349E+000 1.167498E-001
13 21 21 23 0  0 4.018612E+000 1.090883E-001
00 07 02 09 4  0 1.819114E-001 1.344153E-001
07 06 13 14 0  1 -5.859775E+000 1.341361E-001
00 06 06 13 0  1 -1.348879E+001 1.159568E-001
15 00 21 16 4  0 5.380685E+000 1.071384E-001
05 19 13 23 4  0 3.497251E+000 1.441352E-001
07 09 18 13 1  1 -5.775434E+000 1.067335E-001
F : 0.349857 , D : 0.998698 , th : 7.805305
---------- 30 ----------
48
16 03 24 09 0  0 7.683095E+000 9.256881E-002
05 00 21 06 1  1 -2.400663E+001 8.594458E-002
06 08 10 14 1  1 -3.555141E+000 1.216570E-001
01 00 22 02 2  1 1.153013E+001 9.940219E-002
18 04 24 17 0  0 1.480994E+001 1.040804E-001
14 03 22 11 4  0 6.653552E+000 1.074198E-001
02 01 04 10 0  1 -1.500239E+000 9.954808E-002
12 04 14 11 0  0 8.317462E-001 1.121517E-001
05 11 21 21 1  0 2.195506E+001 9.660665E-002
16 05 24 09 0  0 1.015566E+001 1.028665E-001
02 00 21 04 1  1 -6.915943E+000 9.023333E-002
09 21 14 23 1  1 -9.257375E-001 8.649079E-002
05 19 08 23 1  0 9.589715E-001 1.337908E-001
00 00 24 02 2  1 2.801874E+001 1.067617E-001
20 05 24 24 0  0 1.184678E+001 8.418834E-002
10 09 12 10 0  1 -2.508101E-001 1.088117E-001
13 05 23 11 4  0 4.897277E+000 7.773929E-002
00 09 10 13 1  1 -4.531932E+000 9.134033E-002
02 00 17 01 2  1 4.785728E+000 8.472701E-002
16 16 20 24 1  0 1.773808E+000 8.032118E-002
02 01 21 03 1  1 -2.195044E+000 9.985047E-002
13 00 22 02 1  1 -3.715144E-001 1.002186E-001
17 07 23 08 0  0 2.955272E+000 9.238819E-002
11 09 24 13 1  1 -5.971433E+000 9.477148E-002
00 03 10 07 0  1 -1.789931E+001 9.065872E-002
08 08 12 09 0  1 -2.871056E-001 9.472132E-002
20 11 22 12 0  0 2.007676E-001 9.393323E-002
06 17 12 23 4  0 4.334324E+000 1.186868E-001
12 08 14 15 0  0 8.369730E-001 1.348075E-001
16 02 24 22 0  0 5.123369E+001 1.017866E-001
02 07 11 15 1  1 -4.002081E+000 1.008558E-001
14 03 21 05 1  1 -4.438618E-001 9.463551E-002
01 05 15 09 4  1 -6.309900E+000 9.808125E-002
11 02 23 04 0  0 1.095006E+001 1.227950E-001
12 06 16 14 0  0 2.569995E+000 1.002609E-001
19 00 22 12 1  1 -7.396376E+000 1.203799E-001
06 21 08 23 0  1 -2.678363E-001 1.063706E-001
18 03 22 12 0  0 1.638960E+001 1.057806E-001
09 06 13 10 0  1 -7.913588E-001 1.007822E-001
09 11 16 20 3  0 5.326571E+001 1.070937E-001
00 04 03 07 3  1 5.862476E+000 7.146144E-002
10 22 12 24 1  0 4.595734E-001 1.082341E-001
08 10 16 12 1  1 -5.685983E-001 1.351070E-001
02 00 20 04 1  1 -7.002848E+000 9.414547E-002
18 00 24 23 0  0 3.424519E+001 9.639909E-002
10 09 12 10 0  1 -2.508101E-001 1.071057E-001
08 11 13 17 1  0 2.701580E+000 9.334786E-002
01 02 09 06 0  1 -1.831778E+001 9.058685E-002
F : 0.396802 , D : 0.998698 , th : 24.276441
---------- 31 ----------
67
01 09 24 13 1  1 -1.256901E+001 1.290411E-001
01 02 07 13 0  1 -1.797852E+001 8.761927E-002
07 05 18 14 3  0 9.462239E+001 1.206820E-001
11 06 17 20 4  0 4.550535E+000 1.252896E-001
13 15 21 23 4  1 -9.242658E+000 1.014697E-001
17 07 23 08 0  0 2.925611E+000 1.027546E-001
07 08 18 14 1  1 -6.953751E+000 1.066138E-001
00 00 06 12 4  0 9.837804E+000 1.280033E-001
17 13 18 17 1  0 1.428185E-001 1.170844E-001
16 03 22 05 0  0 3.386841E+000 1.349864E-001
07 18 16 20 1  1 -1.288711E+000 1.393875E-001
10 10 19 13 2  0 2.370753E+001 1.125366E-001
02 09 04 23 0  1 -3.143436E+000 1.332090E-001
14 08 22 14 1  1 -9.021173E+000 1.060323E-001
16 05 24 06 0  0 2.779210E+000 1.073859E-001
00 00 06 12 4  0 1.369920E+001 1.260460E-001
06 08 17 14 1  1 -1.361820E+001 1.200500E-001
01 04 07 05 0  1 -3.652050E+000 1.237850E-001
11 09 15 19 1  0 2.029797E+000 1.028243E-001
16 00 18 12 4  0 7.594461E-001 1.384558E-001
11 22 19 24 1  0 3.486962E-001 1.191851E-001
02 02 06 09 0  1 -4.836979E+000 1.211730E-001
01 07 12 13 1  1 -1.068104E+001 1.047809E-001
17 06 21 10 4  0 4.926603E-001 1.219578E-001
22 01 24 15 4  1 -2.622375E+000 1.190642E-001
11 09 15 10 0  0 4.237047E-001 1.374515E-001
06 01 07 03 1  1 -8.030789E-002 1.256336E-001
05 09 24 13 1  1 -1.066993E+001 8.909510E-002
06 19 12 20 0  0 2.378707E-001 1.185073E-001
19 05 21 07 0  0 4.246016E-001 9.906339E-002
00 00 08 08 4  0 4.273360E+000 9.929516E-002
05 15 17 17 2  0 2.300569E+001 1.124790E-001
13 10 24 12 1  1 -6.585247E-001 1.185872E-001
01 02 05 16 0  1 -1.758360E+001 1.103546E-001
07 03 11 05 0  1 -2.182542E-001 1.017283E-001
16 06 24 23 0  0 5.595595E+001 1.092823E-001
08 11 13 17 1  0 2.713844E+000 1.149769E-001
08 22 17 24 1  0 1.907871E+000 1.231911E-001
02 08 23 14 1  1 -1.464210E+001 9.964855E-002
13 05 15 16 0  0 1.047727E+000 1.247705E-001
19 12 21 13 0  0 6.598132E-002 1.254282E-001
06 07 08 11 0  0 5.258572E-001 1.279036E-001
18 00 20 12 4  0 9.076566E-001 1.056079E-001
01 06 07 24 0  1 -3.545820E+001 1.614032E-001
09 11 10 23 3  0 9.683623E+000 1.417388E-001
16 12 18 18 1  0 8.451972E-001 1.186396E-001
12 09 14 21 4  0 5.739326E-001 1.546496E-001
13 21 17 23 4  1 -2.702201E-001 1.247109E-001
13 09 20 11 1  1 -2.385171E+000 1.230983E-001
16 05 24 09 0  0 5.265179E+000 1.315676E-001
03 06 13 08 4  1 -9.256211E-001 1.306368E-001
11 06 17 24 4  0 4.690154E+000 1.379655E-001
01 03 13 07 0  1 -3.063420E+001 1.210878E-001
02 08 20 14 1  1 -1.296585E+001 9.471519E-002
00 03 06 12 0  1 -1.380391E+001 1.166115E-001
11 18 23 20 4  1 -3.416326E-001 8.395258E-002
18 02 20 04 0  0 9.410045E-002 1.278412E-001
21 06 22 14 1  1 -1.775807E+000 1.197413E-001
16 10 20 14 4  1 -1.670675E-001 1.411088E-001
16 03 18 04 0  0 4.807812E-002 1.265109E-001
00 07 09 13 1  1 -1.052460E+001 1.482947E-001
12 05 13 11 3  0 5.234518E+000 1.334415E-001
05 19 11 23 4  0 2.470720E+000 9.641948E-002
19 00 20 08 1  1 -1.463658E+000 1.176533E-001
07 11 12 17 1  0 1.881809E+000 1.156379E-001
02 09 04 21 0  1 -3.902374E+000 1.040017E-001
00 07 23 15 1  1 -2.480984E+001 1.123872E-001
F : 0.397030 , D : 0.998698 , th : 36.144133
---------- 32 ----------
45
00 00 24 05 2  1 6.528969E+001 4.888889E-002
06 09 19 13 1  1 -9.679906E+000 7.442120E-002
15 03 21 11 4  0 6.549987E+000 8.342411E-002
01 07 05 08 0  1 -9.293511E-001 8.695132E-002
17 03 23 09 0  0 8.892126E+000 7.801908E-002
14 19 18 23 4  1 -1.306659E+000 9.393330E-002
02 00 04 03 3  1 3.764588E+000 1.073967E-001
07 08 09 10 1  0 5.996490E-001 1.163514E-001
21 06 24 18 3  1 2.397480E+001 1.352975E-001
04 17 12 23 4  0 3.351631E+000 1.153990E-001
06 07 09 13 1  1 -1.720329E+000 1.083098E-001
01 02 09 08 0  1 -2.056949E+001 9.737754E-002
09 06 13 15 0  1 -3.586913E+000 9.671711E-002
18 04 22 07 0  0 2.774925E+000 9.008257E-002
02 01 20 02 2  1 5.778000E+000 9.613009E-002
08 08 16 14 1  1 -5.903445E+000 9.251379E-002
12 13 20 15 1  0 6.024289E-001 1.159088E-001
04 01 06 11 4  1 -1.810537E+000 9.287106E-002
00 02 24 08 2  1 6.789999E+001 1.285092E-001
17 05 21 11 4  0 1.443963E+000 9.504495E-002
17 13 19 17 1  0 6.087624E-001 1.035107E-001
01 05 05 14 0  1 -8.674509E+000 9.276093E-002
07 07 16 10 2  1 2.056428E+001 8.327941E-002
00 01 20 05 1  1 -3.086857E+000 1.007403E-001
08 06 12 08 1  0 6.859254E-001 8.940427E-002
02 07 04 12 0  1 -7.298707E-001 1.057685E-001
20 02 23 08 3  1 1.264134E+001 1.046631E-001
06 07 08 11 0  0 6.362132E-001 1.121698E-001
08 11 12 17 1  0 1.615890E+000 9.634864E-002
06 20 12 22 4  0 1.129086E+000 1.057803E-001
00 05 12 06 0  1 -3.339668E+000 1.297894E-001
05 09 23 13 1  1 -7.243491E+000 1.352880E-001
03 00 04 03 3  1 1.124310E+000 1.096754E-001
15 10 17 14 1  1 -1.938263E+000 1.027168E-001
18 03 22 07 0  0 3.157160E+000 1.038320E-001
01 07 05 08 0  1 -9.907346E-001 1.023591E-001
14 08 17 17 3  1 2.079873E+001 1.052102E-001
07 06 13 10 0  1 -4.384708E+000 8.182137E-002
04 02 10 16 4  1 -2.408510E+000 9.983899E-002
00 00 06 12 4  0 1.169322E+001 1.287539E-001
07 07 11 19 3  1 4.514389E+001 1.192773E-001
18 05 22 06 0  0 1.129086E+000 1.093214E-001
06 07 08 11 0  0 6.362132E-001 8.781778E-002
21 01 22 04 3  1 1.446954E+000 1.050588E-001
13 22 19 24 1  0 6.786450E-001 8.684305E-002
F : 0.346316 , D : 0.998698 , th : 24.406078
---------- 33 ----------
30
00 01 24 06 2  1 4.058166E+001 9.297468E-002
06 09 19 13 1  1 -9.679906E+000 1.065067E-001
16 05 24 08 0  0 5.644854E+000 9.443685E-002
01 07 05 09 0  1 -2.388712E+000 7.938524E-002
15 03 21 11 4  0 6.778457E+000 8.102688E-002
12 12 19 16 1  0 2.447124E+000 9.482224E-002
00 00 07 14 1  1 -2.123128E+001 9.234026E-002
08 07 12 11 0  1 -1.412680E+000 7.725436E-002
07 11 20 21 1  0 1.588685E+001 1.213971E-001
01 03 07 11 0  1 -2.038293E+001 9.471596E-002
07 20 13 22 4  0 3.791823E-001 1.111359E-001
18 03 20 13 4  0 5.246154E-001 9.449982E-002
01 04 05 15 0  1 -9.251734E+000 9.855432E-002
01 17 17 23 4  0 5.902639E+000 9.645992E-002
14 07 24 11 4  0 2.518223E+000 6.334386E-002
07 08 14 12 1  1 -1.668917E+000 5.443207E-002
15 01 21 03 1  1 -4.651980E-001 7.587188E-002
01 01 22 03 2  1 1.652767E+001 7.347642E-002
06 07 08 12 0  0 6.017616E-001 5.837931E-002
16 03 22 08 0  0 2.266536E+000 7.008769E-002
14 22 18 24 1  0 3.518527E-001 1.006106E-001
02 00 23 01 2  1 7.438772E+000 9.351781E-002
12 07 16 12 0  0 2.044103E+000 7.099814E-002
14 09 17 13 1  1 -2.840147E+000 8.263309E-002
02 03 06 09 0  1 -5.788032E+000 7.565786E-002
09 12 11 16 1  0 6.937076E-001 7.264147E-002
19 00 23 16 1  1 -1.669837E+001 5.486752E-002
18 03 22 22 0  0 1.125109E+001 7.701434E-002
08 06 13 08 1  0 3.240651E-001 7.329457E-002
08 08 16 14 1  1 -6.129510E+000 7.496016E-002
F : 0.399315 , D : 0.998698 , th : 16.804377
---------- 34 ----------
36
00 01 24 06 2  1 4.058166E+001 9.532258E-002
14 09 22 13 1  1 -3.593313E+000 1.080595E-001
18 06 24 10 0  0 9.081594E+000 1.188232E-001
09 07 13 12 0  1 -2.436080E+000 9.754918E-002
03 11 11 19 1  0 6.052281E+000 1.051735E-001
02 04 04 23 0  1 -3.627200E+000 1.233968E-001
05 19 13 23 4  0 3.548123E+000 1.115666E-001
16 08 18 20 3  1 2.212071E+001 9.316545E-002
02 00 23 01 2  1 6.623767E+000 8.432021E-002
17 03 23 08 0  0 1.121750E+001 1.028499E-001
04 04 10 10 4  1 -1.229877E+000 9.412476E-002
00 10 19 12 1  1 -4.549929E+000 1.012926E-001
05 01 18 03 1  1 -2.663137E+000 9.447928E-002
01 01 22 03 2  1 1.575096E+001 1.137845E-001
08 22 14 24 1  0 7.701131E-001 7.744026E-002
15 08 18 17 3  1 2.549490E+001 8.614125E-002
00 01 12 07 0  1 -3.632929E+001 1.050926E-001
08 05 12 11 0  1 -1.876838E+000 1.048102E-001
15 07 19 15 0  1 -9.522193E-001 1.011135E-001
11 11 21 21 1  0 1.133035E+001 1.164875E-001
19 01 22 04 3  1 3.237921E+000 9.740222E-002
13 02 23 06 0  0 1.213354E+001 9.876558E-002
17 09 21 15 4  1 -2.336128E+000 9.214361E-002
03 06 11 10 4  1 -1.190084E+000 1.178564E-001
01 07 05 09 0  1 -2.689250E+000 1.008890E-001
05 10 13 12 1  1 -3.587143E-001 9.265756E-002
12 08 14 10 0  0 2.372962E-001 9.463719E-002
18 01 22 23 0  0 1.210570E+001 1.116952E-001
12 18 17 20 1  1 -3.669108E-001 8.346489E-002
06 07 09 13 1  1 -4.528709E+000 8.153611E-002
01 03 07 11 0  1 -1.853071E+001 8.875734E-002
14 10 24 12 1  1 -9.017877E-001 9.737698E-002
15 03 21 11 4  0 6.428060E+000 9.167143E-002
10 05 16 23 3  1 9.881639E+001 1.075309E-001
03 20 15 22 4  0 1.289637E+000 1.101958E-001
01 01 22 02 2  1 8.600521E+000 7.924521E-002
F : 0.362307 , D : 0.998698 , th : 19.413948
---------- 35 ----------
62
01 03 07 15 0  1 -1.548825E+001 1.048802E-001
01 08 21 14 1  1 -1.479138E+001 9.266711E-002
18 00 24 24 0  0 3.201098E+001 8.864348E-002
07 05 17 14 3  0 9.277678E+001 1.149519E-001
18 00 19 12 1  1 -4.850275E+000 9.237643E-002
08 04 12 11 0  1 -1.726164E+000 1.221905E-001
16 05 22 11 4  0 2.347076E+000 1.100837E-001
12 21 20 23 0  0 6.083031E+000 9.130549E-002
05 12 12 18 1  0 3.858886E+000 8.893877E-002
07 01 09 03 1  1 -1.430533E-001 9.095541E-002
10 09 12 10 0  1 -1.829323E-001 1.030621E-001
02 01 06 19 0  1 -1.939750E+001 9.052601E-002
00 07 24 15 1  1 -2.431760E+001 1.127099E-001
18 05 22 06 0  0 1.215394E+000 1.000410E-001
01 05 05 13 0  1 -1.100562E+001 1.093603E-001
05 08 09 14 1  1 -4.600981E+000 1.315395E-001
03 18 15 20 4  0 3.450033E-001 9.347801E-002
13 02 23 12 4  0 1.669153E+001 1.038518E-001
11 09 13 21 3  0 1.855998E+001 8.655605E-002
03 13 20 21 1  0 1.094200E+001 7.829052E-002
05 00 23 04 1  1 -1.178169E+001 8.073654E-002
19 00 23 15 0  0 1.749039E+001 1.021616E-001
14 08 17 14 1  1 -2.433438E+000 1.038869E-001
12 04 14 12 4  1 -4.640763E-001 1.054513E-001
01 05 15 07 0  1 -1.340384E+001 8.068660E-002
18 04 22 10 0  0 1.426774E+000 1.005288E-001
02 14 14 16 1  0 3.077696E+000 1.318171E-001
18 02 22 14 1  1 -1.568134E+001 9.987419E-002
03 01 07 05 0  1 -1.490514E+000 1.034761E-001
10 09 12 10 0  1 -3.005959E-001 1.414466E-001
01 08 24 14 1  1 -1.592552E+001 1.208251E-001
19 12 23 14 0  0 8.233945E-001 1.047072E-001
00 05 06 13 0  1 -1.773518E+001 9.143661E-002
08 05 14 10 0  1 -2.960982E+000 1.020034E-001
12 04 22 10 4  0 3.090795E+000 1.022745E-001
01 13 08 17 1  0 2.197007E+000 8.618683E-002
01 03 07 16 0  1 -1.301182E+001 1.139029E-001
10 10 19 15 2  0 4.279050E+001 9.917140E-002
12 21 20 23 0  0 6.083031E+000 9.109424E-002
18 01 19 07 1  1 1.781150E-001 1.004467E-001
01 01 13 07 0  1 -2.972226E+001 1.265739E-001
00 10 22 14 1  1 -5.341915E+000 1.286209E-001
17 00 20 14 1  1 -2.434367E+001 1.299176E-001
13 06 16 07 2  0 2.370919E+000 8.569165E-002
00 00 05 10 1  1 -1.648341E+001 1.178094E-001
08 08 09 14 1  1 -1.063572E+000 1.231917E-001
04 16 14 24 4  0 2.816528E+000 1.232668E-001
01 06 05 13 0  1 -6.139100E+000 1.215310E-001
15 07 23 11 4  0 3.880146E+000 1.237420E-001
18 11 24 15 0  0 4.180115E+000 8.523494E-002
15 08 17 14 1  1 -2.043170E+000 7.717550E-002
15 05 23 06 0  0 5.448673E+000 7.662145E-002
06 12 13 21 3  0 5.217629E+001 1.097260E-001
03 16 07 24 4  1 -3.684876E+000 8.273700E-002
09 09 13 12 0  1 -1.947068E+000 9.392058E-002
08 11 11 19 1  0 1.678873E+000 9.059323E-002
01 03 09 05 0  1 -9.343488E+000 1.114146E-001
02 01 22 05 1  1 -2.949799E+000 9.230091E-002
06 21 24 23 0  0 1.113187E+001 1.109547E-001
14 04 24 06 0  0 9.512751E+000 1.113821E-001
05 08 09 14 1  1 -4.006257E+000 9.509782E-002
07 20 09 24 4  0 1.697523E-001 1.263554E-001
F : 0.399657 , D : 0.998698 , th : 33.865146
---------- 36 ----------
21
17 01 23 19 0  0 1.995637E+001 7.722222E-002
05 09 19 13 1  1 -6.389529E+000 8.267355E-002
02 03 06 09 0  1 -5.779639E+000 8.355588E-002
18 04 24 16 0  0 1.513599E+001 1.300580E-001
11 00 20 06 1  1 -1.319671E+001 8.557905E-002
11 09 17 11 0  0 2.303385E+000 1.058380E-001
03 00 13 14 4  1 -3.672551E+000 1.450862E-001
18 07 24 08 0  0 3.776551E+000 1.314946E-001
07 07 13 19 4  1 -1.894656E+000 1.157441E-001
01 00 11 20 0  1 -5.342741E+001 1.562784E-001
06 09 22 13 1  1 -1.218298E+001 1.268490E-001
07 22 13 24 1  0 9.490604E-001 1.188087E-001
10 09 12 10 0  1 -1.829323E-001 1.008866E-001
18 03 20 11 4  0 4.993352E-001 1.319374E-001
01 04 07 15 0  1 -1.153103E+001 1.065824E-001
13 02 23 07 0  0 1.436225E+001 9.893383E-002
20 06 24 20 0  0 1.835922E+001 8.731516E-002
01 00 13 02 1  1 -6.723505E-001 1.214283E-001
06 19 08 23 1  0 8.862307E-001 1.389332E-001
02 13 07 17 1  0 8.317258E-001 1.403782E-001
14 06 20 08 4  0 5.216816E-001 1.517865E-001
F : 0.399543 , D : 0.998698 , th : 9.649587
---------- 37 ----------
9
17 00 23 19 0  0 2.093882E+001 6.944444E-002
02 09 20 13 1  1 -7.714356E+000 8.053771E-002
02 00 19 06 1  1 -2.111975E+001 9.627397E-002
15 02 19 12 4  0 2.063595E+000 1.025725E-001
18 04 24 22 0  0 3.219784E+001 1.040452E-001
01 02 07 11 0  1 -1.833689E+001 1.060499E-001
06 08 10 12 1  1 -2.856202E+000 7.315817E-002
07 07 13 12 0  1 -3.334254E+000 1.191831E-001
01 13 13 21 1  0 1.142553E+001 1.173611E-001
F : 0.370874 , D : 0.998698 , th : 4.256989
---------- 38 ----------
173
00 02 24 03 2  1 1.051761E+001 7.111111E-002
16 05 24 08 0  0 8.009267E+000 6.618197E-002
13 08 20 14 1  1 -6.283728E+000 6.366661E-002
01 03 11 07 0  1 -1.590099E+001 9.527305E-002
01 12 20 22 1  0 3.238371E+001 6.756907E-002
02 01 17 03 1  1 -1.129830E+000 1.064146E-001
01 05 05 15 0  1 -9.432362E+000 1.114967E-001
10 09 12 10 0  1 -2.538129E-001 1.095198E-001
13 04 21 10 4  0 4.314008E+000 9.603589E-002
18 11 24 21 0  0 1.757226E+001 1.255917E-001
02 03 21 05 1  1 -5.024800E-001 1.027397E-001
13 03 23 06 0  0 1.458200E+001 1.134117E-001
06 09 21 13 1  1 -1.034157E+001 9.174708E-002
00 05 08 08 0  1 -6.597400E+000 1.222480E-001
12 09 13 19 1  0 1.387706E+000 1.123257E-001
21 01 22 15 1  1 -5.891126E+000 9.158535E-002
04 20 10 24 1  0 1.549902E+000 9.963508E-002
06 07 09 13 1  1 -5.328943E+000 1.242560E-001
19 04 23 12 0  0 7.831166E+000 9.032249E-002
03 12 05 15 0  1 -4.484041E-001 8.591804E-002
01 03 04 04 2  1 2.297079E+000 1.274798E-001
12 20 24 24 4  0 3.528430E+000 1.172615E-001
04 12 20 20 1  0 1.432867E+001 1.403247E-001
02 03 06 19 0  1 -1.557660E+001 1.111356E-001
15 04 21 10 4  0 3.027266E+000 1.221588E-001
09 06 13 12 0  1 -3.514162E+000 1.434918E-001
01 03 04 17 1  1 -1.378103E+001 1.088118E-001
00 00 24 02 2  1 2.671967E+001 1.403458E-001
20 04 24 17 0  0 1.156865E+001 1.130219E-001
07 12 19 24 1  0 1.548768E+001 1.123171E-001
10 08 23 14 1  1 -1.625432E+001 8.295409E-002
07 00 20 06 1  1 -1.089846E+001 9.319838E-002
03 00 09 16 4  1 -3.733691E+000 9.561989E-002
16 05 24 06 0  0 2.777649E+000 1.005133E-001
09 17 15 19 1  0 1.645205E+000 9.275467E-002
12 10 13 18 1  0 6.852103E-001 1.252459E-001
07 07 09 13 1  1 -4.603943E+000 1.143908E-001
02 03 06 22 0  1 -1.178278E+001 1.371780E-001
06 18 08 24 1  0 9.553911E-001 1.174502E-001
18 04 22 08 0  0 3.247010E+000 1.107436E-001
02 00 05 03 2  1 5.310391E+000 1.203187E-001
02 09 09 13 1  1 -3.370261E+000 1.034467E-001
08 02 24 05 0  0 1.197293E+001 9.381459E-002
05 00 24 06 1  1 -1.104256E+001 1.015271E-001
18 11 24 21 0  0 1.663845E+001 1.122487E-001
17 10 19 14 4  1 -2.208045E-001 1.061849E-001
03 00 06 16 1  1 -1.932108E+001 1.247910E-001
08 05 11 09 1  0 7.153195E-001 1.142607E-001
06 22 12 24 0  1 -1.588592E+000 1.083873E-001
08 12 21 20 1  0 1.009251E+001 1.073122E-001
18 01 23 15 1  1 -2.729260E+001 1.001925E-001
18 07 24 13 0  0 7.027709E+000 1.151984E-001
01 01 17 07 0  1 -2.310116E+001 9.520241E-002
21 03 24 21 3  1 2.754943E+001 1.242448E-001
06 18 12 22 4  0 1.785446E+000 1.042585E-001
13 06 15 14 0  0 8.964568E-001 1.156308E-001
10 20 22 24 0  0 1.428855E+001 1.106742E-001
01 01 22 02 2  1 8.600521E+000 9.808896E-002
10 06 12 24 4  1 -4.780823E-001 8.124773E-002
11 08 24 14 1  1 -1.074150E+001 8.886154E-002
17 02 23 08 0  0 1.257017E+001 9.400585E-002
01 02 09 08 0  1 -1.467686E+001 9.871493E-002
08 03 12 12 0  1 -1.298190E+000 7.789683E-002
18 12 24 16 0  0 8.123514E+000 9.448920E-002
01 13 13 21 1  0 1.306026E+001 7.866978E-002
01 01 22 02 2  1 8.600521E+000 6.968048E-002
04 20 20 24 1  0 3.548788E+000 8.837500E-002
13 18 19 24 4  1 -2.894368E+000 1.280072E-001
17 05 23 08 0  0 1.499192E+000 1.174631E-001
00 01 06 03 4  0 5.258724E-001 9.412897E-002
02 04 08 19 0  1 -1.571082E+001 9.505668E-002
13 08 20 16 1  1 -5.371221E+000 6.873547E-002
14 02 22 06 0  0 1.033209E+001 1.233998E-001
02 00 21 02 1  1 -1.585663E+000 1.282154E-001
16 23 19 24 2  1 2.739547E+000 1.119334E-001
00 02 04 14 1  1 -2.026628E+001 1.168932E-001
06 08 14 18 4  1 -2.861179E+000 1.135832E-001
17 20 21 24 4  0 7.852297E-001 1.351720E-001
02 01 06 09 0  1 -5.261143E+000 1.302545E-001
19 00 21 07 0  0 1.105666E+000 1.398147E-001
12 08 23 14 1  1 -1.348922E+001 1.240653E-001
07 07 13 11 0  1 -2.994661E+000 1.112580E-001
00 06 06 11 0  1 -1.357896E+001 8.894453E-002
03 06 14 08 1  0 7.910610E-001 1.196046E-001
19 01 23 15 1  1 -1.591929E+001 1.120105E-001
08 13 14 15 1  0 2.654960E-001 8.951140E-002
04 00 05 14 1  1 -8.135307E+000 1.367926E-001
17 03 23 08 0  0 9.994683E+000 1.130623E-001
11 09 19 13 1  1 -5.092303E+000 1.053640E-001
00 01 12 07 0  1 -3.963826E+001 7.630086E-002
10 09 12 10 0  1 -2.050067E-001 9.247517E-002
06 11 21 21 1  0 1.455073E+001 1.223972E-001
02 00 23 03 2  1 2.477360E+001 1.204643E-001
18 07 24 14 0  0 7.739808E+000 1.027947E-001
04 08 10 10 1  0 1.422996E+000 1.106116E-001
03 08 22 12 1  1 -2.865918E+000 1.100007E-001
01 02 11 04 0  1 -7.598233E+000 9.620009E-002
18 00 23 10 1  1 -9.864476E+000 1.106753E-001
12 07 16 12 0  0 2.358840E+000 1.161684E-001
13 20 20 24 1  0 1.221031E+000 1.170979E-001
02 05 06 19 0  1 -1.416445E+001 1.219826E-001
05 12 20 20 1  0 1.716609E+001 1.049500E-001
13 02 23 07 0  0 1.689885E+001 1.163980E-001
01 01 22 02 2  1 9.115860E+000 8.129698E-002
09 19 23 23 4  1 -2.951525E+000 9.653043E-002
14 12 19 24 1  0 6.559139E+000 1.392957E-001
10 07 12 21 4  1 -9.288206E-001 1.224105E-001
04 09 12 11 1  1 -2.598208E+000 1.001651E-001
01 07 17 09 4  1 -2.342775E+000 1.243379E-001
03 01 22 03 1  1 -9.636947E-001 9.698337E-002
15 20 19 24 0  0 1.203038E+000 1.125382E-001
07 09 24 13 1  1 -1.619171E+001 1.302007E-001
02 02 04 21 0  1 -1.639837E+000 1.005407E-001
10 03 12 11 0  1 -8.377811E-001 9.856885E-002
18 10 24 21 0  0 1.865766E+001 1.259748E-001
06 16 07 24 1  0 1.291151E+000 1.187990E-001
03 12 23 18 1  0 1.075259E+001 1.030566E-001
01 01 22 02 2  1 8.600521E+000 8.368621E-002
13 05 23 11 4  0 9.082541E+000 8.258939E-002
00 03 14 05 0  1 -1.199800E+001 1.085102E-001
03 03 21 05 1  1 -5.251531E-001 7.332413E-002
14 20 18 24 0  0 2.769665E+000 8.522691E-002
21 06 24 08 2  1 4.205804E+000 1.025766E-001
06 09 08 10 0  0 2.320554E-001 1.280465E-001
18 06 24 09 0  0 2.716326E+000 1.101264E-001
11 00 24 06 1  1 -1.360147E+001 9.235756E-002
06 12 21 20 1  0 1.319636E+001 9.661928E-002
06 22 12 24 0  1 -1.588592E+000 1.139451E-001
17 05 23 06 0  0 2.004547E+000 1.208730E-001
23 06 24 21 3  1 8.654526E+000 9.700519E-002
01 02 11 14 4  1 -9.569664E+000 1.017593E-001
06 01 21 03 1  1 -2.221491E+000 1.038915E-001
13 12 15 14 0  0 1.879207E-001 1.110879E-001
12 04 14 12 0  0 6.821802E-001 9.260526E-002
01 05 07 15 0  1 -1.533341E+001 1.007686E-001
07 07 16 15 1  1 -9.975211E+000 1.076535E-001
10 07 12 09 0  1 -3.565026E-001 1.106151E-001
18 07 24 13 0  0 6.410041E+000 9.342555E-002
01 01 22 03 2  1 1.876945E+001 8.604501E-002
13 08 23 14 1  1 -1.418180E+001 8.851528E-002
21 14 23 18 0  0 5.902407E-001 9.728075E-002
03 03 09 06 0  1 -2.184375E+000 1.101303E-001
04 11 13 23 1  0 1.009845E+001 1.110834E-001
18 01 23 15 1  1 -2.729260E+001 1.124409E-001
04 03 06 13 4  1 -7.083879E-001 1.210188E-001
00 09 15 11 1  1 -2.738419E+000 1.135073E-001
04 12 19 16 1  0 3.641455E+000 1.016575E-001
02 01 23 02 2  1 6.778980E+000 1.074647E-001
18 08 24 12 0  0 4.567221E+000 9.520210E-002
04 20 10 24 1  0 1.549902E+000 9.796619E-002
07 06 13 11 0  1 -3.580247E+000 1.114122E-001
01 02 09 21 0  1 -3.666659E+001 8.581703E-002
12 09 20 15 1  1 -3.687768E+000 9.926967E-002
13 02 23 07 0  0 1.689885E+001 1.214688E-001
18 01 23 15 1  1 -2.729260E+001 1.250343E-001
08 09 14 19 1  0 5.870411E+000 9.800948E-002
10 15 24 23 0  0 1.484892E+001 8.929748E-002
01 05 05 13 0  1 -1.052898E+001 1.068962E-001
10 09 24 13 1  1 -6.840144E+000 1.168908E-001
04 00 05 14 1  1 -8.637875E+000 1.136106E-001
17 03 23 08 0  0 9.994683E+000 7.801835E-002
07 07 13 17 4  1 -2.293200E+000 9.449797E-002
22 11 24 19 0  0 1.815864E+000 1.330098E-001
03 03 07 06 0  1 -5.292972E-001 1.223689E-001
05 12 18 20 1  0 1.097096E+001 1.060643E-001
02 00 23 02 2  1 1.418982E+001 8.006070E-002
04 09 17 13 1  1 -7.234768E+000 9.761077E-002
20 04 24 24 0  0 1.112212E+001 9.283383E-002
07 00 18 04 1  1 -4.892569E+000 1.109972E-001
06 18 07 24 1  0 9.400203E-001 1.095121E-001
01 06 15 08 1  0 1.089068E+000 9.496110E-002
01 00 04 20 1  1 -1.411750E+001 1.384138E-001
11 07 15 21 1  0 2.703178E+000 1.162405E-001
F : 0.392005 , D : 0.998698 , th : 166.515713
