---------- 1 ----------
200
03 04 04 14 1  1 -7.642113E+003 4.950495E-003
03 09 23 11 1  1 -8.891154E+003 9.950249E-003
12 03 24 10 0  0 2.770096E+004 1.130653E-002
02 01 06 17 1  1 -5.820236E+004 7.889454E-003
08 04 10 09 0  1 -2.281286E+003 6.738117E-003
07 12 09 19 0  0 2.113512E+003 4.308647E-003
17 09 24 13 1  1 -9.638011E+003 3.700936E-003
03 04 04 14 1  1 -7.642113E+003 3.042590E-003
01 03 22 05 2  1 1.411714E+004 2.082346E-003
01 08 09 12 1  1 -9.699605E+003 1.904329E-003
19 02 23 17 0  0 1.303945E+004 3.413695E-003
00 05 14 09 4  1 -1.614634E+004 2.670341E-004
08 16 16 18 1  0 3.592776E+003 2.387044E-004
04 02 06 20 3  1 3.375967E+004 6.105092E-005
01 06 09 08 4  1 -1.029748E+003 1.184138E-004
08 10 20 12 1  1 -3.168091E+003 3.638297E-004
06 14 10 24 4  0 5.847661E+003 2.244160E-004
05 09 07 11 1  1 -9.958093E+002 2.396799E-003
17 02 19 03 0  0 1.790459E+002 2.803231E-003
14 16 15 18 1  0 5.356060E+002 4.191124E-003
03 00 06 18 1  1 -5.257102E+004 6.349592E-003
03 04 04 14 1  1 -7.642113E+003 3.275333E-003
03 09 23 11 1  1 -8.891154E+003 2.313416E-003
19 00 21 16 0  0 1.631259E+003 2.380037E-003
05 18 11 22 4  0 4.570586E+003 4.532122E-003
01 02 06 16 1  1 -5.914396E+004 4.101490E-003
06 09 07 11 1  1 -8.788880E+002 3.935264E-003
04 02 06 20 3  1 3.375967E+004 3.714924E-003
03 04 04 14 1  1 -7.642113E+003 7.953960E-003
03 05 04 09 1  1 -1.070808E+003 5.533990E-003
14 20 24 24 4  0 7.116673E+003 2.861242E-003
19 00 21 16 0  0 1.631259E+003 4.024494E-003
06 19 10 23 4  0 1.063624E+003 1.954502E-003
05 08 24 14 1  1 -3.798692E+004 1.094532E-003
04 04 12 10 4  1 -2.074329E+004 1.421284E-003
01 12 05 17 0  1 -1.554174E+004 1.911718E-003
03 04 04 14 1  1 -7.642113E+003 2.035065E-003
03 05 04 09 1  1 -1.070808E+003 2.064897E-003
20 03 22 15 0  0 2.708315E+003 4.001552E-003
02 16 14 22 4  0 1.481439E+004 6.263598E-003
07 13 09 21 0  0 6.827501E+002 4.872496E-003
02 02 03 08 3  1 3.443150E+003 2.891178E-003
07 04 11 05 0  1 -3.089245E+003 3.100457E-003
01 01 05 09 4  0 9.903166E+003 3.895384E-003
17 03 23 15 0  0 1.331512E+004 2.659304E-003
06 15 10 19 0  0 2.479461E+003 6.656883E-003
08 04 10 09 0  1 -2.281286E+003 8.820355E-003
02 02 06 16 1  1 -4.839637E+004 5.310305E-003
17 09 24 13 1  1 -9.638011E+003 5.260754E-003
17 02 19 03 0  0 1.790459E+002 2.911627E-003
03 04 04 14 1  1 -7.642113E+003 4.755313E-003
07 10 09 20 0  0 1.851611E+003 5.844484E-003
04 09 16 11 1  1 -7.241352E+003 3.599894E-003
03 18 11 22 4  0 4.368207E+003 4.837643E-003
11 08 15 17 0  0 4.825881E+002 7.362384E-004
01 05 11 09 4  1 -1.251875E+004 1.055735E-003
01 10 03 15 0  1 -2.374400E+003 1.058839E-003
03 04 04 14 1  1 -7.642113E+003 8.715707E-004
12 08 23 12 1  1 -1.602149E+004 1.232951E-003
02 01 03 22 3  1 9.564619E+003 6.654721E-004
06 17 10 21 4  0 1.853841E+003 7.387590E-004
18 22 24 23 0  1 -2.939274E+002 4.890088E-003
07 06 13 11 0  1 -8.495425E+003 4.396965E-003
00 05 14 09 4  1 -1.614634E+004 3.821663E-003
03 00 06 18 1  1 -5.257102E+004 6.360842E-003
03 04 04 14 1  1 -7.642113E+003 3.993555E-003
07 10 09 20 0  0 1.851611E+003 2.692622E-003
12 08 23 12 1  1 -1.602149E+004 1.410918E-003
07 20 09 23 0  1 -8.146521E+002 1.973384E-003
02 06 05 08 1  1 -3.845135E+002 4.163624E-003
00 03 06 13 1  1 -5.073023E+004 7.010166E-003
06 09 07 11 1  1 -8.788880E+002 5.726460E-003
12 03 24 13 0  0 3.089771E+004 3.547292E-003
03 04 04 14 1  1 -7.642113E+003 1.561592E-003
00 03 24 06 2  1 5.531544E+004 1.712173E-003
03 00 04 21 3  1 5.068946E+003 3.251226E-003
08 10 20 12 1  1 -3.168091E+003 2.674361E-003
08 23 24 24 0  1 -3.441270E+003 2.803413E-003
01 05 11 09 4  1 -1.251875E+004 2.024746E-003
01 01 03 15 4  0 2.663684E+003 2.400612E-003
14 14 16 15 0  1 -2.939274E+002 5.463333E-003
03 04 04 14 1  1 -7.642113E+003 2.849177E-003
19 00 21 16 0  0 1.631259E+003 3.987219E-003
12 08 23 12 1  1 -1.602149E+004 2.571683E-003
06 21 10 22 0  1 -1.116375E+003 1.390957E-003
15 11 24 13 1  1 -3.903307E+002 2.914053E-003
06 23 24 24 0  1 -7.804309E+003 1.962590E-003
01 02 22 08 2  1 3.275201E+004 3.421740E-003
02 02 03 08 3  1 3.443150E+003 4.636448E-003
03 04 04 14 1  1 -7.642113E+003 3.988690E-003
12 02 24 11 0  0 3.119090E+004 4.577822E-003
06 11 10 17 0  0 2.499308E+003 2.825545E-003
12 08 23 12 1  1 -1.602149E+004 2.738475E-003
08 04 10 09 0  1 -2.281286E+003 1.558394E-003
00 05 14 09 4  1 -1.614634E+004 1.512946E-003
17 09 21 13 1  1 -8.659576E+003 1.125566E-003
03 00 06 18 1  1 -5.257102E+004 1.021197E-003
03 03 04 13 1  1 -8.478416E+003 1.626360E-003
03 00 05 06 4  0 1.901187E+002 2.832725E-003
18 10 20 12 1  1 -2.200878E+002 2.720613E-003
07 20 09 23 0  1 -8.146521E+002 6.282219E-003
02 03 06 15 1  1 -4.349399E+004 6.860727E-003
03 05 04 09 1  1 -1.070808E+003 6.236522E-003
02 02 03 08 3  1 3.443150E+003 4.174724E-003
07 01 13 05 1  1 -1.327581E+004 3.783817E-003
03 04 04 14 1  1 -7.642113E+003 3.675992E-003
06 11 10 19 0  0 6.608835E+003 4.258888E-003
19 01 23 17 0  0 1.317289E+004 1.060302E-003
06 12 08 16 4  1 -1.206892E+002 3.028696E-005
02 00 23 01 2  1 5.020024E+003 5.703095E-005
08 16 16 18 1  0 3.592776E+003 5.404855E-005
03 02 05 06 4  0 1.842449E+002 3.968434E-005
08 07 10 13 4  1 -5.878549E+002 1.994359E-008
03 18 11 22 4  0 4.368207E+003 1.514785E-007
01 04 07 14 1  1 -4.296535E+004 2.421679E-007
07 05 11 19 4  1 -1.140643E+004 9.761675E-007
09 03 12 05 1  1 -1.511627E+003 2.112454E-004
07 03 09 17 4  1 -3.065243E+003 2.156436E-003
03 00 06 18 1  1 -5.257102E+004 1.720151E-003
03 05 04 09 1  1 -1.070808E+003 1.155576E-003
02 16 14 22 4  0 1.481439E+004 1.542293E-003
03 03 04 13 1  1 -8.478416E+003 1.953777E-003
00 15 02 18 0  0 1.539795E+002 2.269030E-003
08 03 10 15 4  1 -2.729326E+003 2.066058E-003
13 09 23 15 1  1 -8.931000E+003 1.122507E-003
03 09 23 11 1  1 -8.891154E+003 2.385713E-003
17 03 23 12 0  0 1.743349E+004 1.448567E-003
03 00 04 21 3  1 5.068946E+003 2.459471E-003
11 08 15 17 0  0 4.825881E+002 3.172770E-003
03 04 04 14 1  1 -7.642113E+003 3.406873E-005
05 16 11 19 0  0 9.886175E+002 4.601408E-005
01 05 11 09 4  1 -1.251875E+004 4.931660E-006
09 18 11 22 1  1 -2.453507E+003 2.911695E-006
09 01 14 05 1  1 -1.629490E+003 5.721472E-006
07 20 09 23 0  1 -8.146521E+002 9.653101E-006
02 02 03 08 3  1 3.443150E+003 6.714245E-004
03 04 04 14 1  1 -7.642113E+003 4.921032E-004
05 05 07 07 0  1 -5.732737E+002 7.049904E-004
06 12 08 16 4  1 -1.206892E+002 1.691994E-003
12 08 14 09 0  0 4.943087E+002 1.699770E-003
01 00 22 01 2  1 6.607733E+003 1.238839E-003
06 16 08 19 0  0 4.240194E+002 2.941541E-003
03 00 04 21 3  1 5.068946E+003 2.289572E-003
03 04 04 14 1  1 -7.642113E+003 3.798131E-003
08 10 10 24 4  0 1.796711E+003 2.060582E-003
18 11 22 14 0  0 1.005160E+003 1.680576E-003
02 07 07 13 1  1 -1.536391E+004 8.126765E-005
00 00 24 06 2  1 8.352300E+004 5.134363E-005
07 01 13 05 1  1 -1.327581E+004 6.593386E-005
03 04 04 14 1  1 -7.642113E+003 1.433985E-004
02 06 05 08 1  1 -3.845135E+002 7.604505E-005
19 01 23 17 0  0 1.317289E+004 1.037429E-004
06 09 07 11 1  1 -8.788880E+002 1.322486E-005
18 10 23 14 1  1 -1.448270E+003 2.631785E-005
21 20 24 24 1  1 -9.051690E+001 5.631608E-005
01 11 05 24 0  1 -2.108982E+004 3.339143E-005
08 04 10 12 4  1 -3.129686E+003 4.227272E-005
03 04 04 14 1  1 -7.642113E+003 2.629589E-005
14 14 16 15 0  1 -2.939274E+002 5.484931E-004
12 08 23 12 1  1 -1.602149E+004 2.799108E-003
09 16 16 18 1  0 2.844030E+003 4.883830E-003
05 00 07 22 0  1 -4.552271E+003 3.242542E-003
12 04 24 09 0  0 2.648352E+004 2.396340E-003
00 05 14 09 4  1 -1.614634E+004 1.346450E-003
02 04 23 06 2  1 1.098610E+004 1.807027E-003
02 01 03 22 3  1 9.564619E+003 1.551649E-003
03 03 04 13 1  1 -8.478416E+003 8.878513E-004
12 08 23 12 1  1 -1.602149E+004 3.556782E-003
07 21 09 23 1  0 9.875067E+001 3.045282E-003
00 09 04 11 4  0 1.275233E+003 3.356960E-003
02 00 06 18 1  1 -6.636358E+004 4.490928E-003
01 05 11 09 4  1 -1.251875E+004 2.651378E-003
02 04 23 06 2  1 1.098610E+004 3.763365E-003
03 18 11 22 4  0 4.368207E+003 4.213913E-003
03 04 04 14 1  1 -7.642113E+003 3.774017E-003
12 08 23 12 1  1 -1.602149E+004 4.105683E-003
07 13 09 21 0  0 6.827501E+002 5.811209E-003
00 09 04 11 4  0 1.275233E+003 1.750990E-003
02 00 06 18 1  1 -6.636358E+004 1.611563E-004
01 05 11 09 4  1 -1.251875E+004 1.607549E-004
03 00 04 21 3  1 5.068946E+003 1.753026E-004
03 03 04 13 1  1 -8.478416E+003 3.178837E-004
03 09 23 11 1  1 -8.891154E+003 2.413674E-004
00 04 24 07 2  1 5.079875E+004 2.335493E-004
08 12 16 20 4  0 7.164356E+003 2.956520E-004
15 10 16 12 1  1 -3.359171E+002 1.368072E-004
02 00 06 18 1  1 -6.636358E+004 3.508184E-004
01 06 13 08 4  1 -3.076108E+003 3.270565E-004
03 00 04 21 3  1 5.068946E+003 3.509642E-004
03 04 04 14 1  1 -7.642113E+003 3.509500E-004
03 09 23 11 1  1 -8.891154E+003 3.509884E-004
06 07 12 19 4  1 -8.297382E+003 7.542145E-004
10 16 12 21 0  1 -7.112923E+001 2.355047E-003
17 03 23 15 0  0 1.038620E+004 6.992452E-003
02 00 23 03 2  1 2.495448E+004 3.615537E-003
03 18 11 22 4  0 4.368207E+003 4.263054E-003
01 11 05 24 0  1 -2.108982E+004 4.359773E-003
05 17 09 18 0  0 7.755165E+002 2.632887E-003
03 04 04 14 1  1 -7.642113E+003 1.288708E-003
12 08 23 12 1  1 -1.602149E+004 1.327689E-003
F : 1.000000 , D : -92559631349317831000000000000000000000000000000000000000000000.000000 , th : 683.961833
