20
04 08 19 14 1  1     -524 6.364000E-002 0.919556
01 03 13 07 0  1     -469 1.451929E-001 0.907741
12 06 16 09 0  0       15 2.296289E-001 0.780407
18 06 24 13 0  0      266 2.205000E-001 0.890630
04 00 23 06 1  1     -394 2.812151E-001 0.869370
09 07 13 11 0  1      -22 2.881102E-001 0.787778
12 02 24 12 4  0      450 3.076539E-001 0.882481
10 09 13 19 1  0       41 3.022134E-001 0.708370
01 04 07 24 0  1     -705 3.008288E-001 0.901815
15 09 17 13 1  1      -19 3.108170E-001 0.829333
00 13 08 21 0  0      805 2.988216E-001 0.899111
04 01 08 11 4  1      -23 3.029803E-001 0.756963
10 21 22 23 0  0      128 3.158629E-001 0.832037
08 09 09 13 1  1      -11 3.272071E-001 0.832148
18 00 24 11 0  1     -925 3.351725E-001 0.913667
07 10 17 22 1  0       81 3.068214E-001 0.652333
00 16 14 22 4  0       68 3.420721E-001 0.749333
15 01 17 15 4  0       15 3.441527E-001 0.753333
14 02 24 06 0  0      439 3.557087E-001 0.915593
17 07 20 15 1  1      -21 3.381183E-001 0.677778
