200
04 08 19 14 1  1     -524 6.364000E-002 0.919556
01 03 13 07 0  1     -469 1.451929E-001 0.907741
12 06 16 09 0  0       15 2.296289E-001 0.780407
18 06 24 13 0  0      266 2.205000E-001 0.890630
04 00 23 06 1  1     -394 2.812151E-001 0.869370
09 07 13 11 0  1      -22 2.881102E-001 0.787778
12 02 24 12 4  0      450 3.076539E-001 0.882481
10 09 13 19 1  0       41 3.022134E-001 0.708370
01 04 07 24 0  1     -705 3.008288E-001 0.901815
15 09 17 13 1  1      -19 3.108170E-001 0.829333
00 13 08 21 0  0      805 2.988216E-001 0.899111
04 01 08 11 4  1      -23 3.029803E-001 0.756963
10 21 22 23 0  0      128 3.158629E-001 0.832037
08 09 09 13 1  1      -11 3.272071E-001 0.832148
18 00 24 11 0  1     -925 3.351725E-001 0.913667
07 10 17 22 1  0       81 3.068214E-001 0.652333
00 16 14 22 4  0       68 3.420721E-001 0.749333
15 01 17 15 4  0       15 3.441527E-001 0.753333
14 02 24 06 0  0      439 3.557087E-001 0.915593
17 07 20 15 1  1      -21 3.381183E-001 0.677778
16 00 24 19 0  1    -1838 3.453155E-001 0.902444
09 00 11 04 4  1       24 3.267903E-001 0.160519
09 03 24 06 2  1      647 3.457165E-001 0.684370
11 07 15 23 4  0        9 3.462049E-001 0.634074
01 12 07 13 0  1      -28 3.513464E-001 0.850074
14 05 15 09 1  0       13 3.574582E-001 0.821111
10 15 22 17 4  1      -18 3.582359E-001 0.765111
09 07 11 10 0  1       -4 3.558777E-001 0.711148
02 01 20 11 1  1    -2140 3.546993E-001 0.900185
06 07 09 17 1  1       -9 3.436080E-001 0.569926
14 22 24 24 0  1     -236 3.547209E-001 0.874963
14 00 16 22 4  0      -23 3.389580E-001 0.287556
04 00 18 02 1  1      -67 3.653617E-001 0.868593
16 14 19 16 1  0        0 3.546038E-001 0.493222
03 21 13 24 0  1     -392 3.443340E-001 0.901741
05 08 11 19 0  0     -210 3.589881E-001 0.194259
00 02 04 22 0  0      878 3.466803E-001 0.920852
05 11 23 13 1  1       19 3.351801E-001 0.330926
10 09 16 11 1  1      -29 3.629792E-001 0.855593
01 23 13 24 0  0      215 3.500271E-001 0.892852
18 11 20 13 4  1       11 3.480208E-001 0.175370
00 01 06 10 0  1     -422 3.548071E-001 0.901185
05 01 11 03 0  1       -2 3.508436E-001 0.562259
00 05 10 13 0  0      763 3.617742E-001 0.872741
03 13 09 19 1  0       22 3.499048E-001 0.677407
03 09 05 10 0  1       -6 3.647488E-001 0.822593
15 10 16 12 1  1       -2 3.583526E-001 0.698741
20 04 24 12 0  1     -281 3.627272E-001 0.894444
05 07 17 17 4  1      263 3.409279E-001 0.210630
01 02 05 17 3  1      894 3.492741E-001 0.678889
04 13 20 19 4  1      396 3.460200E-001 0.149296
00 00 08 03 0  0      183 3.497567E-001 0.862630
03 13 23 15 1  0       12 3.542396E-001 0.670222
00 04 04 23 0  1     -580 3.561094E-001 0.910963
06 08 24 18 1  1      388 3.508386E-001 0.296407
15 00 23 04 1  1      -39 3.609662E-001 0.779407
04 02 18 10 1  0     1260 3.666626E-001 0.901074
09 02 11 04 4  1        4 3.592362E-001 0.238593
06 00 16 10 1  1    -1985 3.694426E-001 0.917333
10 04 12 06 4  0       -7 3.437923E-001 0.198333
19 12 21 13 0  0        2 3.632697E-001 0.692222
09 18 12 22 1  1      -33 3.659713E-001 0.815556
14 06 22 10 4  0       39 3.626552E-001 0.811074
01 01 19 05 2  1      553 3.658785E-001 0.779741
07 10 09 12 1  1       -3 3.543771E-001 0.699852
01 02 07 14 0  1     -579 3.710454E-001 0.919593
09 03 11 24 0  1       73 3.604996E-001 0.204481
00 05 08 20 0  0     1090 3.440286E-001 0.886519
11 06 17 10 0  0        3 3.659656E-001 0.592778
18 00 24 23 0  0     1939 3.597194E-001 0.937296
08 11 16 13 4  0      -55 3.536282E-001 0.154630
11 18 12 20 1  1       -6 3.701676E-001 0.812852
05 12 07 16 4  1       19 3.735319E-001 0.179407
23 06 24 24 3  0     1249 3.679994E-001 0.863593
08 11 23 23 1  0      202 3.557214E-001 0.678704
09 05 14 09 1  0       31 3.723804E-001 0.773593
01 21 09 23 0  1     -133 3.703657E-001 0.866852
10 08 18 24 4  0       22 3.584289E-001 0.637037
00 12 03 24 1  1       11 3.713655E-001 0.411259
06 09 11 11 1  1      -34 3.639413E-001 0.874000
03 05 07 06 0  1      -11 3.701255E-001 0.819037
17 09 20 11 1  1       -6 3.749198E-001 0.754407
10 00 24 03 0  0      503 3.761781E-001 0.899926
05 03 09 15 4  1       26 3.797062E-001 0.292185
14 00 24 02 0  1     -318 3.673009E-001 0.893259
16 14 19 18 1  0       -5 3.578099E-001 0.403333
17 18 19 21 0  0        8 3.708658E-001 0.770000
12 15 14 17 1  1      -12 3.834924E-001 0.826704
04 07 12 17 1  1       -3 3.678550E-001 0.519185
00 04 06 24 4  1     -936 3.702789E-001 0.919481
05 11 17 17 4  1      191 3.603950E-001 0.185259
16 08 24 15 0  1     -887 3.750945E-001 0.901630
06 13 08 15 4  1        6 3.602656E-001 0.207630
18 00 22 10 0  0       31 3.771417E-001 0.745111
00 03 06 08 0  0      125 3.843949E-001 0.827593
05 10 09 24 1  0      120 3.683878E-001 0.721519
02 05 04 06 0  1       -6 3.838724E-001 0.818778
16 10 19 12 1  1       -6 3.779074E-001 0.764963
04 05 22 06 2  1      233 3.818442E-001 0.702185
10 20 13 21 2  0       74 3.552961E-001 0.483815
08 11 17 14 2  1      638 3.797939E-001 0.549556
07 00 09 22 4  1       86 3.779116E-001 0.181296
12 23 24 24 0  1     -279 3.777369E-001 0.904630
10 10 24 12 4  1       39 3.705799E-001 0.211519
05 00 11 04 1  1      -81 3.845576E-001 0.861926
04 12 19 16 1  0      138 3.785861E-001 0.819593
10 19 11 23 1  1      -11 3.773096E-001 0.799037
10 00 12 09 0  1        8 3.842509E-001 0.322926
00 06 04 08 0  1     -106 3.653085E-001 0.899778
10 03 12 04 0  0      -13 3.652002E-001 0.150111
15 08 19 09 0  1      -19 3.660260E-001 0.845222
12 03 22 17 4  0      153 3.652646E-001 0.775407
13 09 17 11 1  1      -27 3.840342E-001 0.869407
21 00 23 02 4  1       -1 3.798990E-001 0.572407
12 06 14 24 4  0      -40 3.810783E-001 0.235667
18 16 24 22 0  0      586 3.393875E-001 0.920852
07 07 23 13 4  1      384 3.647635E-001 0.145037
22 05 24 17 3  0     1717 3.783998E-001 0.869148
01 14 07 16 4  1       21 3.576363E-001 0.203593
02 00 10 14 4  1     -234 3.821342E-001 0.835407
14 09 16 13 4  0        4 3.782331E-001 0.698185
00 02 04 22 0  0      880 3.727259E-001 0.921037
07 06 12 16 1  1      146 3.595644E-001 0.284407
00 22 24 24 2  1      191 3.705573E-001 0.826000
15 02 17 16 4  0      -33 3.673852E-001 0.223148
03 00 23 08 1  1    -1199 3.789337E-001 0.903333
09 06 10 10 1  0        8 3.731838E-001 0.771037
05 00 07 01 0  1        0 3.718304E-001 0.430222
15 10 16 12 1  1       -5 3.825635E-001 0.826296
00 05 03 20 3  0     2769 3.705223E-001 0.825704
10 05 12 07 4  0      -17 3.604455E-001 0.149741
00 10 06 12 0  1     -122 3.724222E-001 0.900852
16 01 21 03 1  1        1 3.779978E-001 0.431185
07 22 11 24 1  0       19 3.685881E-001 0.809407
05 12 24 16 1  0      180 3.803105E-001 0.823556
02 09 18 17 1  1      163 3.762965E-001 0.322519
00 00 10 02 0  0      560 3.698954E-001 0.919741
00 14 11 18 1  0      -33 3.592366E-001 0.312000
18 01 24 13 0  0      329 3.768160E-001 0.876593
05 16 11 20 0  0       43 3.777678E-001 0.766963
07 07 13 10 0  1     -105 3.755920E-001 0.885630
06 07 08 13 0  0      -30 3.828103E-001 0.186852
00 14 06 21 0  0      445 3.710860E-001 0.895148
19 11 22 13 1  1       26 3.681414E-001 0.176519
01 02 09 19 0  1     -887 3.670084E-001 0.903704
00 08 08 09 0  0       60 3.720683E-001 0.843926
09 10 15 12 1  1       -3 3.766275E-001 0.615556
00 02 01 23 3  1      241 3.702715E-001 0.722000
09 20 12 21 2  0       68 3.713096E-001 0.461741
10 04 17 08 1  0      125 3.760706E-001 0.857963
03 03 12 04 2  1      154 3.513489E-001 0.640037
06 07 20 21 4  0     -382 3.554361E-001 0.225815
03 09 19 21 4  1      360 3.787956E-001 0.223185
18 06 24 13 0  1     -777 3.583347E-001 0.912815
16 13 19 21 1  0       11 3.751493E-001 0.647889
11 17 14 21 1  1      -18 3.766474E-001 0.764444
05 06 07 10 4  1       -5 3.750389E-001 0.730185
02 10 06 17 0  1      -64 3.773251E-001 0.826074
17 03 19 09 4  0        7 3.793510E-001 0.742481
00 01 02 22 0  0      216 3.841629E-001 0.894481
03 12 05 14 4  1       12 3.720095E-001 0.166444
00 06 02 10 0  1      -30 3.714342E-001 0.839963
15 06 17 08 1  0       22 3.820637E-001 0.869037
08 01 10 07 4  1       27 3.617820E-001 0.174852
10 04 22 08 0  0      453 3.844942E-001 0.897519
09 09 18 11 1  1      -35 3.820740E-001 0.850074
09 15 19 17 4  1      -11 3.770176E-001 0.733000
06 00 24 03 0  1    -1061 3.785563E-001 0.892630
08 06 12 10 0  1       -6 3.654296E-001 0.656852
19 07 23 09 0  0       10 3.877489E-001 0.757704
13 07 15 13 0  0        9 3.810700E-001 0.751037
06 02 08 03 0  1       -3 3.788673E-001 0.757000
10 15 14 17 0  0       12 3.676897E-001 0.754889
16 06 17 16 1  1      -25 3.714721E-001 0.794963
00 17 12 22 0  0     1052 3.657567E-001 0.904222
08 13 18 19 4  0     -164 3.642339E-001 0.177370
04 19 06 20 0  1       -3 3.832614E-001 0.734593
17 13 19 17 1  0        1 3.819489E-001 0.580926
00 16 04 21 0  1     -164 3.677788E-001 0.881259
00 06 14 08 4  1        2 3.775373E-001 0.442963
00 23 06 24 0  0       30 3.903805E-001 0.825963
06 13 07 19 1  0        8 3.850634E-001 0.722741
16 01 24 06 0  0      531 3.913142E-001 0.922037
12 02 14 04 4  0      -13 3.703687E-001 0.162333
16 00 24 06 0  1     -349 3.665592E-001 0.857889
14 00 24 04 4  1       -2 3.756094E-001 0.558852
07 10 08 12 1  1       -3 3.873689E-001 0.764296
01 02 16 09 2  1     1084 3.718877E-001 0.734778
01 15 09 17 1  1       76 3.680141E-001 0.146407
00 09 06 12 0  1     -241 3.776841E-001 0.919370
15 07 16 15 1  1      -30 3.800355E-001 0.838481
15 01 23 07 0  0      396 3.705724E-001 0.908259
01 00 07 01 0  0       11 3.869854E-001 0.761889
03 14 21 16 4  0     -128 3.796121E-001 0.143148
00 06 08 16 0  0     1615 3.626653E-001 0.917852
10 10 18 22 1  0     -231 3.675799E-001 0.272889
16 00 24 10 4  0      912 3.772696E-001 0.916000
02 00 06 18 0  1      -38 3.678493E-001 0.710815
03 06 18 22 1  1     1328 3.733149E-001 0.219889
11 12 13 16 1  0       46 3.689464E-001 0.866815
